1	300	0.
1	301	0.
1	302	0.
1	303	0.
1	304	0.
1	305	0.
1	306	0.
1	307	0.
1	308	0.
1	309	0.
1	310	0.
1	311	0.
1	312	0.
1	313	0.
1	314	0.
1	315	0.
1	316	0.
1	317	0.
1	318	0.
1	319	0.
1	320	0.
1	321	0.
1	322	0.
1	323	0.
1	324	0.
1	325	0.
1	326	0.
1	327	0.
1	328	0.
1	329	0.
1	330	0.
1	331	0.
1	332	0.
1	333	0.
1	334	0.
1	335	0.
1	336	0.
1	337	0.
1	338	0.
1	339	0.
1	340	0.
1	341	0.
1	342	0.
1	343	0.
1	344	0.
1	345	0.
1	346	0.
1	347	0.
1	348	0.
1	349	0.
1	350	0.
1	351	0.
1	352	0.
1	353	0.
1	354	0.
1	355	0.
1	356	0.
1	357	0.
1	358	0.
1	359	0.
1	360	0.
1	361	0.
1	362	0.
1	363	0.
1	364	0.
1	365	0.
1	366	0.
1	367	0.
1	368	0.
1	369	0.
1	370	0.
1	371	0.
1	372	0.
1	373	0.
1	374	0.
1	375	0.
1	376	0.
1	377	0.
1	378	0.
1	379	0.
1	380	0.
1	381	0.
1	382	0.
1	383	0.
1	384	0.
1	385	0.
1	386	0.
1	387	0.
1	388	0.
1	389	0.
1	390	0.
1	391	0.
1	392	0.
1	393	0.
1	394	0.
1	395	0.
1	396	0.
1	397	0.
1	398	0.
1	399	0.
1	400	0.
1	401	0.
1	402	0.
1	403	0.
1	404	0.
1	405	0.
1	406	0.
1	407	0.
1	408	0.
1	409	0.
1	410	0.
1	411	0.
1	412	0.
1	413	0.
1	414	0.
1	415	0.
1	416	0.
1	417	0.
1	418	0.
1	419	0.
1	420	0.
1	421	0.
1	422	0.
1	423	0.
1	424	0.
1	425	0.
1	426	0.
1	427	0.
1	428	0.
1	429	0.
1	430	0.
1	431	0.
1	432	0.
1	433	0.
1	434	0.
1	435	0.
1	436	0.
1	437	0.
1	438	0.
1	439	0.
1	440	0.
1	441	0.
1	442	0.
1	443	0.
1	444	0.
1	445	0.
1	446	0.
1	447	0.
1	448	0.
1	449	0.
1	450	0.
1	451	0.
1	452	0.
1	453	0.
1	454	0.
1	455	0.
1	456	0.
1	457	0.
1	458	0.
1	459	0.
1	460	0.
1	461	0.
1	462	0.
1	463	0.
1	464	0.
1	465	0.
1	466	0.
1	467	0.
1	468	0.
1	469	0.
1	470	0.
1	471	0.
1	472	0.
1	473	0.
1	474	0.
1	475	0.
1	476	0.
1	477	0.
1	478	0.
1	479	0.
1	480	0.
1	481	0.
1	482	0.
1	483	0.
1	484	0.
1	485	0.
1	486	0.
1	487	0.
1	488	0.
1	489	0.
1	490	0.
1	491	0.
1	492	0.
1	493	0.
1	494	0.
1	495	0.
1	496	0.
1	497	0.
1	498	0.
1	499	0.
1	500	0.
1	501	0.
1	502	0.
1	503	0.
1	504	0.
1	505	0.
1	506	0.
1	507	0.
1	508	0.
1	509	0.
1	510	0.
1	511	0.
1	512	0.
1	513	0.
1	514	0.
1	515	0.
1	516	0.
1	517	0.
1	518	0.
1	519	0.
1	520	0.
1	521	0.
1	522	0.
1	523	0.
1	524	0.
1	525	0.
1	526	0.
1	527	0.
1	528	0.
1	529	0.
1	530	0.
1	531	0.
1	532	0.
1	533	0.
1	534	0.
1	535	0.
1	536	0.
1	537	0.
1	538	0.
1	539	0.
1	540	0.
1	541	0.
1	542	0.
1	543	0.
1	544	0.
1	545	0.
1	546	0.
1	547	0.
1	548	0.
1	549	0.
1	550	0.
1	551	0.
1	552	0.
1	553	0.
1	554	0.
1	555	0.
1	556	0.
1	557	0.
1	558	0.
1	559	0.
1	560	0.
1	561	0.
1	562	0.
1	563	0.
1	564	0.
1	565	0.
1	566	0.
1	567	0.
1	568	0.
1	569	0.
1	570	0.
1	571	0.
1	572	0.
1	573	0.
1	574	0.
1	575	0.00001
1	576	0.
1	577	0.
1	578	0.
1	579	0.00001
1	580	0.00001
1	581	0.
1	582	0.00001
1	583	0.
1	584	0.
1	585	0.
1	586	0.00001
1	587	0.
1	588	0.
1	589	0.00001
1	590	0.00002
1	591	0.00001
1	592	0.00001
1	593	0.00001
1	594	0.00001
1	595	0.00002
1	596	0.00007
1	597	0.00006
1	598	0.00008
1	599	0.00003
1	600	0.00005
1	601	0.00006
1	602	0.0001
1	603	0.00013
1	604	0.00008
1	605	0.00009
1	606	0.00015
1	607	0.00022
1	608	0.00022
1	609	0.00018
1	610	0.00023
1	611	0.0003
1	612	0.00027
1	613	0.00037
1	614	0.0004
1	615	0.00038
1	616	0.0003
1	617	0.00052
1	618	0.00054
1	619	0.00053
1	620	0.00064
1	621	0.00069
1	622	0.00076
1	623	0.00081
1	624	0.00093
1	625	0.00106
1	626	0.001
1	627	0.00116
1	628	0.00114
1	629	0.0015
1	630	0.00156
1	631	0.00166
1	632	0.00152
1	633	0.00191
1	634	0.00232
1	635	0.00246
1	636	0.00252
1	637	0.00272
1	638	0.00273
1	639	0.00299
1	640	0.00364
1	641	0.00359
1	642	0.00402
1	643	0.004
1	644	0.0042
1	645	0.00469
1	646	0.00538
1	647	0.0056
1	648	0.00577
1	649	0.0056
1	650	0.00639
1	651	0.00679
1	652	0.00646
1	653	0.00749
1	654	0.00749
1	655	0.00802
1	656	0.0083
1	657	0.00875
1	658	0.00932
1	659	0.00952
1	660	0.00959
1	661	0.01057
1	662	0.01103
1	663	0.01063
1	664	0.01152
1	665	0.01145
1	666	0.01163
1	667	0.01239
1	668	0.01211
1	669	0.01304
1	670	0.01301
1	671	0.01411
1	672	0.01317
1	673	0.01419
1	674	0.01393
1	675	0.01407
1	676	0.01395
1	677	0.01419
1	678	0.01553
1	679	0.01479
1	680	0.0148
1	681	0.01532
1	682	0.01505
1	683	0.01472
1	684	0.01481
1	685	0.01526
1	686	0.01519
1	687	0.01477
1	688	0.01495
1	689	0.01483
1	690	0.01528
1	691	0.01521
1	692	0.01425
1	693	0.01474
1	694	0.01374
1	695	0.01408
1	696	0.0139
1	697	0.0138
1	698	0.01305
1	699	0.01317
1	700	0.01312
1	701	0.01213
1	702	0.01261
1	703	0.01214
1	704	0.0114
1	705	0.01118
1	706	0.01144
1	707	0.01126
1	708	0.01
1	709	0.00971
1	710	0.00939
1	711	0.00919
1	712	0.00904
1	713	0.00858
1	714	0.00854
1	715	0.00784
1	716	0.00773
1	717	0.00724
1	718	0.0071
1	719	0.00632
1	720	0.00633
1	721	0.00596
1	722	0.00537
1	723	0.00525
1	724	0.00511
1	725	0.00462
1	726	0.00418
1	727	0.00432
1	728	0.00432
1	729	0.00397
1	730	0.00341
1	731	0.00289
1	732	0.00319
1	733	0.00302
1	734	0.00258
1	735	0.00264
1	736	0.00268
1	737	0.00217
1	738	0.00219
1	739	0.00194
1	740	0.00179
1	741	0.00147
1	742	0.00148
1	743	0.00139
1	744	0.0012
1	745	0.00119
1	746	0.00106
1	747	0.0009
1	748	0.0009
1	749	0.00068
1	750	0.00081
1	751	0.00068
1	752	0.00069
1	753	0.00067
1	754	0.00056
1	755	0.00049
1	756	0.00037
1	757	0.00032
1	758	0.00035
1	759	0.00031
1	760	0.00026
1	761	0.0002
1	762	0.00026
1	763	0.00014
1	764	0.00011
1	765	0.00009
1	766	0.0001
1	767	0.00015
1	768	0.0001
1	769	0.00005
1	770	0.00007
1	771	0.00001
1	772	0.00005
1	773	0.00004
1	774	0.00007
1	775	0.00006
1	776	0.00006
1	777	0.00005
1	778	0.00005
1	779	0.00005
1	780	0.00005
1	781	0.00002
1	782	0.00001
1	783	0.
1	784	0.00001
1	785	0.00003
1	786	0.
1	787	0.
1	788	0.00002
1	789	0.
1	790	0.
1	791	0.00002
1	792	0.
1	793	0.
1	794	0.
1	795	0.
1	796	0.
1	797	0.00002
1	798	0.
1	799	0.
1	800	0.
1	801	0.
1	802	0.
1	803	0.
1	804	0.00001
1	805	0.
1	806	0.
1	807	0.
1	808	0.
1	809	0.
1	810	0.
1	811	0.00001
1	812	0.
1	813	0.
1	814	0.
1	815	0.
1	816	0.
1	817	0.
1	818	0.
1	819	0.
1	820	0.
1	821	0.
1	822	0.
1	823	0.
1	824	0.
1	825	0.
1	826	0.
1	827	0.
1	828	0.
1	829	0.
1	830	0.
1	831	0.
1	832	0.
1	833	0.
1	834	0.
1	835	0.
1	836	0.
1	837	0.
1	838	0.
1	839	0.
1	840	0.
1	841	0.
1	842	0.
1	843	0.
1	844	0.
1	845	0.
1	846	0.
1	847	0.
1	848	0.
1	849	0.
1	850	0.
1	851	0.
1	852	0.
1	853	0.
1	854	0.
1	855	0.
1	856	0.
1	857	0.
1	858	0.
1	859	0.
1	860	0.
1	861	0.
1	862	0.
1	863	0.
1	864	0.
1	865	0.
1	866	0.
1	867	0.
1	868	0.
1	869	0.
1	870	0.
1	871	0.
1	872	0.
1	873	0.
1	874	0.
1	875	0.
1	876	0.
1	877	0.
1	878	0.
1	879	0.
1	880	0.
1	881	0.
1	882	0.
1	883	0.
1	884	0.
1	885	0.
1	886	0.
1	887	0.
1	888	0.
1	889	0.
1	890	0.
1	891	0.
1	892	0.
1	893	0.
1	894	0.
1	895	0.
1	896	0.
1	897	0.
1	898	0.
1	899	0.
1	900	0.
1	901	0.
1	902	0.
1	903	0.
1	904	0.
1	905	0.
1	906	0.
1	907	0.
1	908	0.
1	909	0.
1	910	0.
1	911	0.
1	912	0.
1	913	0.
1	914	0.
1	915	0.
1	916	0.
1	917	0.
1	918	0.
1	919	0.
1	920	0.
1	921	0.
1	922	0.
1	923	0.
1	924	0.
1	925	0.
1	926	0.
1	927	0.
1	928	0.
1	929	0.
1	930	0.
1	931	0.
1	932	0.
1	933	0.
1	934	0.
1	935	0.
1	936	0.
1	937	0.
1	938	0.
1	939	0.
1	940	0.
1	941	0.
1	942	0.
1	943	0.
1	944	0.
1	945	0.
1	946	0.
1	947	0.
1	948	0.
1	949	0.
1	950	0.
1	951	0.
1	952	0.
1	953	0.
1	954	0.
1	955	0.
1	956	0.
1	957	0.
1	958	0.
1	959	0.
1	960	0.
1	961	0.
1	962	0.
1	963	0.
1	964	0.
1	965	0.
1	966	0.
1	967	0.
1	968	0.
1	969	0.
1	970	0.
1	971	0.
1	972	0.
1	973	0.
1	974	0.
1	975	0.
1	976	0.
1	977	0.
1	978	0.
1	979	0.
1	980	0.
1	981	0.
1	982	0.
1	983	0.
1	984	0.
1	985	0.
1	986	0.
1	987	0.
1	988	0.
1	989	0.
1	990	0.
1	991	0.
1	992	0.
1	993	0.
1	994	0.
1	995	0.
1	996	0.
1	997	0.
1	998	0.
1	999	0.
1	1000	0.
1	1001	0.
1	1002	0.
1	1003	0.
1	1004	0.
1	1005	0.
1	1006	0.
1	1007	0.
1	1008	0.
1	1009	0.
1	1010	0.
1	1011	0.
1	1012	0.
1	1013	0.
1	1014	0.
1	1015	0.
1	1016	0.
1	1017	0.
1	1018	0.
1	1019	0.
1	1020	0.
1	1021	0.
1	1022	0.
1	1023	0.
1	1024	0.
1	1025	0.
1	1026	0.
1	1027	0.
1	1028	0.
1	1029	0.
1	1030	0.
1	1031	0.
1	1032	0.
1	1033	0.
1	1034	0.
1	1035	0.
1	1036	0.
1	1037	0.
1	1038	0.
1	1039	0.
1	1040	0.
1	1041	0.
1	1042	0.
1	1043	0.
1	1044	0.
1	1045	0.
1	1046	0.
1	1047	0.
1	1048	0.
1	1049	0.
1	1050	0.
1	1051	0.
1	1052	0.
1	1053	0.
1	1054	0.
1	1055	0.
1	1056	0.
1	1057	0.
1	1058	0.
1	1059	0.
1	1060	0.
1	1061	0.
1	1062	0.
1	1063	0.
1	1064	0.
1	1065	0.
1	1066	0.
1	1067	0.
1	1068	0.
1	1069	0.
1	1070	0.
1	1071	0.
1	1072	0.
1	1073	0.
1	1074	0.
1	1075	0.
1	1076	0.
1	1077	0.
1	1078	0.
1	1079	0.
1	1080	0.
1	1081	0.
1	1082	0.
1	1083	0.
1	1084	0.
1	1085	0.
1	1086	0.
1	1087	0.
1	1088	0.
1	1089	0.
1	1090	0.
1	1091	0.
1	1092	0.
1	1093	0.
1	1094	0.
1	1095	0.
1	1096	0.
1	1097	0.
1	1098	0.
1	1099	0.
1	1100	0.
1	1101	0.
1	1102	0.
1	1103	0.
1	1104	0.
1	1105	0.
1	1106	0.
1	1107	0.
1	1108	0.
1	1109	0.
1	1110	0.
1	1111	0.
1	1112	0.
1	1113	0.
1	1114	0.
1	1115	0.
1	1116	0.
1	1117	0.
1	1118	0.
1	1119	0.
1	1120	0.
1	1121	0.
1	1122	0.
1	1123	0.
1	1124	0.
1	1125	0.
1	1126	0.
1	1127	0.
1	1128	0.
1	1129	0.
1	1130	0.
1	1131	0.
1	1132	0.
1	1133	0.
1	1134	0.
1	1135	0.
1	1136	0.
1	1137	0.
1	1138	0.
1	1139	0.
1	1140	0.
1	1141	0.
1	1142	0.
1	1143	0.
1	1144	0.
1	1145	0.
1	1146	0.
1	1147	0.
1	1148	0.
1	1149	0.
1	1150	0.
1	1151	0.
1	1152	0.
1	1153	0.
1	1154	0.
1	1155	0.
1	1156	0.
1	1157	0.
1	1158	0.
1	1159	0.
1	1160	0.
1	1161	0.
1	1162	0.
1	1163	0.
1	1164	0.
1	1165	0.
1	1166	0.
1	1167	0.
1	1168	0.
1	1169	0.
1	1170	0.
1	1171	0.
1	1172	0.
1	1173	0.
1	1174	0.
1	1175	0.
1	1176	0.
1	1177	0.
1	1178	0.
1	1179	0.
1	1180	0.
1	1181	0.
1	1182	0.
1	1183	0.
1	1184	0.
1	1185	0.
1	1186	0.
1	1187	0.
1	1188	0.
1	1189	0.
1	1190	0.
1	1191	0.
1	1192	0.
1	1193	0.
1	1194	0.
1	1195	0.
1	1196	0.
1	1197	0.
1	1198	0.
1	1199	0.
1	1200	0.
1	1201	0.
1	1202	0.
1	1203	0.
1	1204	0.
1	1205	0.
1	1206	0.
1	1207	0.
1	1208	0.
1	1209	0.
1	1210	0.
1	1211	0.
1	1212	0.
1	1213	0.
1	1214	0.
1	1215	0.
1	1216	0.
1	1217	0.
1	1218	0.
1	1219	0.
1	1220	0.
1	1221	0.
1	1222	0.
1	1223	0.
1	1224	0.
1	1225	0.
1	1226	0.
1	1227	0.
1	1228	0.
1	1229	0.
1	1230	0.
1	1231	0.
1	1232	0.
1	1233	0.
1	1234	0.
1	1235	0.
1	1236	0.
1	1237	0.
1	1238	0.
1	1239	0.
1	1240	0.
1	1241	0.
1	1242	0.
1	1243	0.
1	1244	0.
1	1245	0.
1	1246	0.
1	1247	0.
1	1248	0.
1	1249	0.
1	1250	0.
1	1251	0.
1	1252	0.
1	1253	0.
1	1254	0.
1	1255	0.
1	1256	0.
1	1257	0.
1	1258	0.
1	1259	0.
1	1260	0.
1	1261	0.
1	1262	0.
1	1263	0.
1	1264	0.
1	1265	0.
1	1266	0.
1	1267	0.
1	1268	0.
1	1269	0.
1	1270	0.
1	1271	0.
1	1272	0.
1	1273	0.
1	1274	0.
1	1275	0.
1	1276	0.
1	1277	0.
1	1278	0.
1	1279	0.
1	1280	0.
1	1281	0.
1	1282	0.
1	1283	0.
1	1284	0.
1	1285	0.
1	1286	0.
1	1287	0.
1	1288	0.
1	1289	0.
1	1290	0.
1	1291	0.
1	1292	0.
1	1293	0.
1	1294	0.
1	1295	0.
1	1296	0.
1	1297	0.
1	1298	0.
1	1299	0.
1	1300	0.
2	300	0.
2	301	0.
2	302	0.
2	303	0.
2	304	0.
2	305	0.
2	306	0.
2	307	0.
2	308	0.
2	309	0.
2	310	0.
2	311	0.
2	312	0.
2	313	0.
2	314	0.
2	315	0.
2	316	0.
2	317	0.
2	318	0.
2	319	0.
2	320	0.
2	321	0.
2	322	0.
2	323	0.
2	324	0.
2	325	0.
2	326	0.
2	327	0.
2	328	0.
2	329	0.
2	330	0.
2	331	0.
2	332	0.
2	333	0.
2	334	0.
2	335	0.
2	336	0.
2	337	0.
2	338	0.
2	339	0.
2	340	0.
2	341	0.
2	342	0.
2	343	0.
2	344	0.
2	345	0.
2	346	0.
2	347	0.
2	348	0.
2	349	0.
2	350	0.
2	351	0.
2	352	0.
2	353	0.
2	354	0.
2	355	0.
2	356	0.
2	357	0.
2	358	0.
2	359	0.
2	360	0.
2	361	0.
2	362	0.
2	363	0.
2	364	0.
2	365	0.
2	366	0.
2	367	0.
2	368	0.
2	369	0.
2	370	0.
2	371	0.
2	372	0.
2	373	0.
2	374	0.
2	375	0.
2	376	0.
2	377	0.
2	378	0.
2	379	0.
2	380	0.
2	381	0.
2	382	0.
2	383	0.
2	384	0.
2	385	0.
2	386	0.
2	387	0.
2	388	0.
2	389	0.
2	390	0.
2	391	0.
2	392	0.
2	393	0.
2	394	0.
2	395	0.
2	396	0.
2	397	0.
2	398	0.
2	399	0.
2	400	0.
2	401	0.
2	402	0.
2	403	0.
2	404	0.
2	405	0.
2	406	0.
2	407	0.
2	408	0.
2	409	0.
2	410	0.
2	411	0.
2	412	0.
2	413	0.
2	414	0.
2	415	0.
2	416	0.
2	417	0.
2	418	0.
2	419	0.
2	420	0.
2	421	0.
2	422	0.
2	423	0.
2	424	0.
2	425	0.
2	426	0.
2	427	0.
2	428	0.
2	429	0.
2	430	0.
2	431	0.
2	432	0.
2	433	0.
2	434	0.
2	435	0.
2	436	0.
2	437	0.
2	438	0.
2	439	0.
2	440	0.
2	441	0.
2	442	0.
2	443	0.
2	444	0.
2	445	0.
2	446	0.
2	447	0.
2	448	0.
2	449	0.
2	450	0.
2	451	0.
2	452	0.
2	453	0.
2	454	0.
2	455	0.
2	456	0.
2	457	0.
2	458	0.
2	459	0.
2	460	0.
2	461	0.
2	462	0.
2	463	0.
2	464	0.
2	465	0.
2	466	0.
2	467	0.
2	468	0.
2	469	0.
2	470	0.
2	471	0.
2	472	0.
2	473	0.
2	474	0.
2	475	0.
2	476	0.
2	477	0.
2	478	0.
2	479	0.
2	480	0.
2	481	0.
2	482	0.
2	483	0.
2	484	0.
2	485	0.
2	486	0.
2	487	0.
2	488	0.
2	489	0.
2	490	0.
2	491	0.
2	492	0.
2	493	0.
2	494	0.
2	495	0.
2	496	0.
2	497	0.
2	498	0.
2	499	0.
2	500	0.
2	501	0.
2	502	0.
2	503	0.
2	504	0.
2	505	0.
2	506	0.
2	507	0.
2	508	0.
2	509	0.
2	510	0.
2	511	0.
2	512	0.
2	513	0.
2	514	0.
2	515	0.
2	516	0.
2	517	0.
2	518	0.
2	519	0.
2	520	0.
2	521	0.
2	522	0.
2	523	0.
2	524	0.
2	525	0.
2	526	0.
2	527	0.
2	528	0.
2	529	0.
2	530	0.
2	531	0.
2	532	0.
2	533	0.
2	534	0.
2	535	0.
2	536	0.
2	537	0.
2	538	0.
2	539	0.
2	540	0.
2	541	0.
2	542	0.
2	543	0.
2	544	0.
2	545	0.
2	546	0.
2	547	0.
2	548	0.
2	549	0.
2	550	0.
2	551	0.
2	552	0.
2	553	0.
2	554	0.
2	555	0.
2	556	0.
2	557	0.
2	558	0.
2	559	0.
2	560	0.
2	561	0.
2	562	0.
2	563	0.
2	564	0.
2	565	0.
2	566	0.
2	567	0.
2	568	0.
2	569	0.
2	570	0.
2	571	0.
2	572	0.
2	573	0.
2	574	0.
2	575	0.
2	576	0.
2	577	0.
2	578	0.
2	579	0.
2	580	0.
2	581	0.
2	582	0.
2	583	0.
2	584	0.
2	585	0.
2	586	0.
2	587	0.
2	588	0.
2	589	0.
2	590	0.
2	591	0.
2	592	0.
2	593	0.
2	594	0.
2	595	0.
2	596	0.
2	597	0.
2	598	0.
2	599	0.
2	600	0.
2	601	0.
2	602	0.
2	603	0.
2	604	0.
2	605	0.
2	606	0.
2	607	0.
2	608	0.
2	609	0.
2	610	0.
2	611	0.
2	612	0.
2	613	0.
2	614	0.
2	615	0.
2	616	0.
2	617	0.
2	618	0.
2	619	0.
2	620	0.
2	621	0.
2	622	0.
2	623	0.
2	624	0.
2	625	0.
2	626	0.
2	627	0.
2	628	0.
2	629	0.
2	630	0.
2	631	0.
2	632	0.
2	633	0.
2	634	0.
2	635	0.
2	636	0.
2	637	0.
2	638	0.
2	639	0.
2	640	0.
2	641	0.
2	642	0.
2	643	0.
2	644	0.
2	645	0.
2	646	0.
2	647	0.
2	648	0.
2	649	0.
2	650	0.
2	651	0.
2	652	0.
2	653	0.
2	654	0.
2	655	0.
2	656	0.
2	657	0.
2	658	0.
2	659	0.
2	660	0.
2	661	0.
2	662	0.
2	663	0.
2	664	0.
2	665	0.
2	666	0.
2	667	0.
2	668	0.
2	669	0.
2	670	0.
2	671	0.
2	672	0.
2	673	0.
2	674	0.
2	675	0.
2	676	0.
2	677	0.
2	678	0.
2	679	0.
2	680	0.
2	681	0.
2	682	0.
2	683	0.
2	684	0.
2	685	0.
2	686	0.
2	687	0.
2	688	0.00001
2	689	0.
2	690	0.
2	691	0.
2	692	0.
2	693	0.
2	694	0.
2	695	0.
2	696	0.
2	697	0.
2	698	0.
2	699	0.
2	700	0.
2	701	0.00001
2	702	0.
2	703	0.00001
2	704	0.00001
2	705	0.00002
2	706	0.00001
2	707	0.00002
2	708	0.00001
2	709	0.00004
2	710	0.
2	711	0.00002
2	712	0.00005
2	713	0.00006
2	714	0.00003
2	715	0.00002
2	716	0.00005
2	717	0.0001
2	718	0.00004
2	719	0.00009
2	720	0.0001
2	721	0.00011
2	722	0.00006
2	723	0.00015
2	724	0.00009
2	725	0.00017
2	726	0.00017
2	727	0.0002
2	728	0.00024
2	729	0.00017
2	730	0.00023
2	731	0.00023
2	732	0.00032
2	733	0.00044
2	734	0.00038
2	735	0.00036
2	736	0.00041
2	737	0.00058
2	738	0.00062
2	739	0.00065
2	740	0.00065
2	741	0.00082
2	742	0.00071
2	743	0.00093
2	744	0.00085
2	745	0.00111
2	746	0.00098
2	747	0.00106
2	748	0.00134
2	749	0.00138
2	750	0.0015
2	751	0.00164
2	752	0.0015
2	753	0.00188
2	754	0.00182
2	755	0.00213
2	756	0.00246
2	757	0.00233
2	758	0.00289
2	759	0.00316
2	760	0.00325
2	761	0.00324
2	762	0.00378
2	763	0.00384
2	764	0.00412
2	765	0.0039
2	766	0.00422
2	767	0.00467
2	768	0.00507
2	769	0.00521
2	770	0.00554
2	771	0.00545
2	772	0.00602
2	773	0.00611
2	774	0.00625
2	775	0.00602
2	776	0.00696
2	777	0.00715
2	778	0.00806
2	779	0.00814
2	780	0.0087
2	781	0.0083
2	782	0.00882
2	783	0.00892
2	784	0.0093
2	785	0.00944
2	786	0.00952
2	787	0.01096
2	788	0.01114
2	789	0.01106
2	790	0.01129
2	791	0.01154
2	792	0.0121
2	793	0.01226
2	794	0.01261
2	795	0.01232
2	796	0.01249
2	797	0.01279
2	798	0.01296
2	799	0.01328
2	800	0.01366
2	801	0.0134
2	802	0.01352
2	803	0.01401
2	804	0.01343
2	805	0.01411
2	806	0.01412
2	807	0.01419
2	808	0.01354
2	809	0.01356
2	810	0.01364
2	811	0.01405
2	812	0.01363
2	813	0.01423
2	814	0.01452
2	815	0.01389
2	816	0.01322
2	817	0.0139
2	818	0.01432
2	819	0.01385
2	820	0.01382
2	821	0.01296
2	822	0.01214
2	823	0.01174
2	824	0.0125
2	825	0.01253
2	826	0.01147
2	827	0.01133
2	828	0.01142
2	829	0.01061
2	830	0.01083
2	831	0.01079
2	832	0.00997
2	833	0.00966
2	834	0.00946
2	835	0.00866
2	836	0.00883
2	837	0.00839
2	838	0.00844
2	839	0.00842
2	840	0.00807
2	841	0.00754
2	842	0.00673
2	843	0.00696
2	844	0.00628
2	845	0.00643
2	846	0.00624
2	847	0.00565
2	848	0.00557
2	849	0.00546
2	850	0.00468
2	851	0.00491
2	852	0.00479
2	853	0.00415
2	854	0.00437
2	855	0.00406
2	856	0.00372
2	857	0.00354
2	858	0.00337
2	859	0.00294
2	860	0.0027
2	861	0.00276
2	862	0.00229
2	863	0.00245
2	864	0.00234
2	865	0.00213
2	866	0.00186
2	867	0.00196
2	868	0.00169
2	869	0.00153
2	870	0.00146
2	871	0.00136
2	872	0.00107
2	873	0.00103
2	874	0.0011
2	875	0.00091
2	876	0.001
2	877	0.00109
2	878	0.00088
2	879	0.00087
2	880	0.00044
2	881	0.00059
2	882	0.00057
2	883	0.00058
2	884	0.00057
2	885	0.00049
2	886	0.00037
2	887	0.00038
2	888	0.00036
2	889	0.00024
2	890	0.00029
2	891	0.0002
2	892	0.00022
2	893	0.00018
2	894	0.00019
2	895	0.00017
2	896	0.00018
2	897	0.0001
2	898	0.0001
2	899	0.00014
2	900	0.00005
2	901	0.00006
2	902	0.00011
2	903	0.00008
2	904	0.00012
2	905	0.00004
2	906	0.00003
2	907	0.00006
2	908	0.00002
2	909	0.00004
2	910	0.00003
2	911	0.00001
2	912	0.
2	913	0.
2	914	0.
2	915	0.
2	916	0.
2	917	0.
2	918	0.00001
2	919	0.00001
2	920	0.00001
2	921	0.00001
2	922	0.
2	923	0.
2	924	0.
2	925	0.00001
2	926	0.
2	927	0.
2	928	0.00001
2	929	0.
2	930	0.00001
2	931	0.
2	932	0.
2	933	0.
2	934	0.
2	935	0.
2	936	0.
2	937	0.
2	938	0.
2	939	0.
2	940	0.
2	941	0.
2	942	0.
2	943	0.
2	944	0.
2	945	0.
2	946	0.
2	947	0.
2	948	0.
2	949	0.
2	950	0.
2	951	0.
2	952	0.
2	953	0.
2	954	0.
2	955	0.
2	956	0.
2	957	0.
2	958	0.
2	959	0.
2	960	0.
2	961	0.
2	962	0.
2	963	0.
2	964	0.
2	965	0.
2	966	0.
2	967	0.
2	968	0.
2	969	0.
2	970	0.
2	971	0.
2	972	0.
2	973	0.
2	974	0.
2	975	0.
2	976	0.
2	977	0.
2	978	0.
2	979	0.
2	980	0.
2	981	0.
2	982	0.
2	983	0.
2	984	0.
2	985	0.
2	986	0.
2	987	0.
2	988	0.
2	989	0.
2	990	0.
2	991	0.
2	992	0.
2	993	0.
2	994	0.
2	995	0.
2	996	0.
2	997	0.
2	998	0.
2	999	0.
2	1000	0.
2	1001	0.
2	1002	0.
2	1003	0.
2	1004	0.
2	1005	0.
2	1006	0.
2	1007	0.
2	1008	0.
2	1009	0.
2	1010	0.
2	1011	0.
2	1012	0.
2	1013	0.
2	1014	0.
2	1015	0.
2	1016	0.
2	1017	0.
2	1018	0.
2	1019	0.
2	1020	0.
2	1021	0.
2	1022	0.
2	1023	0.
2	1024	0.
2	1025	0.
2	1026	0.
2	1027	0.
2	1028	0.
2	1029	0.
2	1030	0.
2	1031	0.
2	1032	0.
2	1033	0.
2	1034	0.
2	1035	0.
2	1036	0.
2	1037	0.
2	1038	0.
2	1039	0.
2	1040	0.
2	1041	0.
2	1042	0.
2	1043	0.
2	1044	0.
2	1045	0.
2	1046	0.
2	1047	0.
2	1048	0.
2	1049	0.
2	1050	0.
2	1051	0.
2	1052	0.
2	1053	0.
2	1054	0.
2	1055	0.
2	1056	0.
2	1057	0.
2	1058	0.
2	1059	0.
2	1060	0.
2	1061	0.
2	1062	0.
2	1063	0.
2	1064	0.
2	1065	0.
2	1066	0.
2	1067	0.
2	1068	0.
2	1069	0.
2	1070	0.
2	1071	0.
2	1072	0.
2	1073	0.
2	1074	0.
2	1075	0.
2	1076	0.
2	1077	0.
2	1078	0.
2	1079	0.
2	1080	0.
2	1081	0.
2	1082	0.
2	1083	0.
2	1084	0.
2	1085	0.
2	1086	0.
2	1087	0.
2	1088	0.
2	1089	0.
2	1090	0.
2	1091	0.
2	1092	0.
2	1093	0.
2	1094	0.
2	1095	0.
2	1096	0.
2	1097	0.
2	1098	0.
2	1099	0.
2	1100	0.
2	1101	0.
2	1102	0.
2	1103	0.
2	1104	0.
2	1105	0.
2	1106	0.
2	1107	0.
2	1108	0.
2	1109	0.
2	1110	0.
2	1111	0.
2	1112	0.
2	1113	0.
2	1114	0.
2	1115	0.
2	1116	0.
2	1117	0.
2	1118	0.
2	1119	0.
2	1120	0.
2	1121	0.
2	1122	0.
2	1123	0.
2	1124	0.
2	1125	0.
2	1126	0.
2	1127	0.
2	1128	0.
2	1129	0.
2	1130	0.
2	1131	0.
2	1132	0.
2	1133	0.
2	1134	0.
2	1135	0.
2	1136	0.
2	1137	0.
2	1138	0.
2	1139	0.
2	1140	0.
2	1141	0.
2	1142	0.
2	1143	0.
2	1144	0.
2	1145	0.
2	1146	0.
2	1147	0.
2	1148	0.
2	1149	0.
2	1150	0.
2	1151	0.
2	1152	0.
2	1153	0.
2	1154	0.
2	1155	0.
2	1156	0.
2	1157	0.
2	1158	0.
2	1159	0.
2	1160	0.
2	1161	0.
2	1162	0.
2	1163	0.
2	1164	0.
2	1165	0.
2	1166	0.
2	1167	0.
2	1168	0.
2	1169	0.
2	1170	0.
2	1171	0.
2	1172	0.
2	1173	0.
2	1174	0.
2	1175	0.
2	1176	0.
2	1177	0.
2	1178	0.
2	1179	0.
2	1180	0.
2	1181	0.
2	1182	0.
2	1183	0.
2	1184	0.
2	1185	0.
2	1186	0.
2	1187	0.
2	1188	0.
2	1189	0.
2	1190	0.
2	1191	0.
2	1192	0.
2	1193	0.
2	1194	0.
2	1195	0.
2	1196	0.
2	1197	0.
2	1198	0.
2	1199	0.
2	1200	0.
2	1201	0.
2	1202	0.
2	1203	0.
2	1204	0.
2	1205	0.
2	1206	0.
2	1207	0.
2	1208	0.
2	1209	0.
2	1210	0.
2	1211	0.
2	1212	0.
2	1213	0.
2	1214	0.
2	1215	0.
2	1216	0.
2	1217	0.
2	1218	0.
2	1219	0.
2	1220	0.
2	1221	0.
2	1222	0.
2	1223	0.
2	1224	0.
2	1225	0.
2	1226	0.
2	1227	0.
2	1228	0.
2	1229	0.
2	1230	0.
2	1231	0.
2	1232	0.
2	1233	0.
2	1234	0.
2	1235	0.
2	1236	0.
2	1237	0.
2	1238	0.
2	1239	0.
2	1240	0.
2	1241	0.
2	1242	0.
2	1243	0.
2	1244	0.
2	1245	0.
2	1246	0.
2	1247	0.
2	1248	0.
2	1249	0.
2	1250	0.
2	1251	0.
2	1252	0.
2	1253	0.
2	1254	0.
2	1255	0.
2	1256	0.
2	1257	0.
2	1258	0.
2	1259	0.
2	1260	0.
2	1261	0.
2	1262	0.
2	1263	0.
2	1264	0.
2	1265	0.
2	1266	0.
2	1267	0.
2	1268	0.
2	1269	0.
2	1270	0.
2	1271	0.
2	1272	0.
2	1273	0.
2	1274	0.
2	1275	0.
2	1276	0.
2	1277	0.
2	1278	0.
2	1279	0.
2	1280	0.
2	1281	0.
2	1282	0.
2	1283	0.
2	1284	0.
2	1285	0.
2	1286	0.
2	1287	0.
2	1288	0.
2	1289	0.
2	1290	0.
2	1291	0.
2	1292	0.
2	1293	0.
2	1294	0.
2	1295	0.
2	1296	0.
2	1297	0.
2	1298	0.
2	1299	0.
2	1300	0.
3	300	0.
3	301	0.
3	302	0.
3	303	0.
3	304	0.
3	305	0.
3	306	0.
3	307	0.
3	308	0.
3	309	0.
3	310	0.
3	311	0.
3	312	0.
3	313	0.
3	314	0.
3	315	0.
3	316	0.
3	317	0.
3	318	0.
3	319	0.
3	320	0.
3	321	0.
3	322	0.
3	323	0.
3	324	0.
3	325	0.
3	326	0.
3	327	0.
3	328	0.
3	329	0.
3	330	0.
3	331	0.
3	332	0.
3	333	0.
3	334	0.
3	335	0.
3	336	0.
3	337	0.
3	338	0.
3	339	0.
3	340	0.
3	341	0.
3	342	0.
3	343	0.
3	344	0.
3	345	0.
3	346	0.
3	347	0.
3	348	0.
3	349	0.
3	350	0.
3	351	0.
3	352	0.
3	353	0.
3	354	0.
3	355	0.
3	356	0.
3	357	0.
3	358	0.
3	359	0.
3	360	0.
3	361	0.
3	362	0.
3	363	0.
3	364	0.
3	365	0.
3	366	0.
3	367	0.
3	368	0.
3	369	0.
3	370	0.
3	371	0.
3	372	0.
3	373	0.
3	374	0.
3	375	0.
3	376	0.
3	377	0.
3	378	0.
3	379	0.
3	380	0.
3	381	0.
3	382	0.
3	383	0.
3	384	0.
3	385	0.
3	386	0.
3	387	0.
3	388	0.
3	389	0.
3	390	0.
3	391	0.
3	392	0.
3	393	0.
3	394	0.
3	395	0.
3	396	0.
3	397	0.
3	398	0.
3	399	0.
3	400	0.
3	401	0.
3	402	0.
3	403	0.
3	404	0.
3	405	0.
3	406	0.
3	407	0.
3	408	0.
3	409	0.
3	410	0.
3	411	0.
3	412	0.
3	413	0.
3	414	0.
3	415	0.
3	416	0.
3	417	0.
3	418	0.
3	419	0.
3	420	0.
3	421	0.
3	422	0.
3	423	0.
3	424	0.
3	425	0.
3	426	0.
3	427	0.
3	428	0.
3	429	0.
3	430	0.
3	431	0.
3	432	0.
3	433	0.
3	434	0.
3	435	0.
3	436	0.
3	437	0.
3	438	0.
3	439	0.
3	440	0.
3	441	0.
3	442	0.
3	443	0.
3	444	0.
3	445	0.
3	446	0.
3	447	0.
3	448	0.
3	449	0.
3	450	0.
3	451	0.
3	452	0.
3	453	0.
3	454	0.
3	455	0.
3	456	0.
3	457	0.
3	458	0.
3	459	0.
3	460	0.
3	461	0.
3	462	0.
3	463	0.
3	464	0.
3	465	0.
3	466	0.
3	467	0.
3	468	0.
3	469	0.
3	470	0.
3	471	0.
3	472	0.
3	473	0.
3	474	0.
3	475	0.
3	476	0.
3	477	0.
3	478	0.
3	479	0.
3	480	0.
3	481	0.
3	482	0.
3	483	0.
3	484	0.
3	485	0.
3	486	0.
3	487	0.
3	488	0.
3	489	0.
3	490	0.
3	491	0.
3	492	0.
3	493	0.
3	494	0.
3	495	0.
3	496	0.
3	497	0.
3	498	0.
3	499	0.
3	500	0.
3	501	0.
3	502	0.
3	503	0.
3	504	0.
3	505	0.
3	506	0.
3	507	0.
3	508	0.
3	509	0.
3	510	0.
3	511	0.
3	512	0.
3	513	0.
3	514	0.
3	515	0.
3	516	0.
3	517	0.
3	518	0.
3	519	0.
3	520	0.
3	521	0.
3	522	0.
3	523	0.
3	524	0.
3	525	0.
3	526	0.
3	527	0.
3	528	0.
3	529	0.
3	530	0.
3	531	0.
3	532	0.
3	533	0.
3	534	0.
3	535	0.
3	536	0.
3	537	0.
3	538	0.
3	539	0.
3	540	0.
3	541	0.
3	542	0.
3	543	0.
3	544	0.
3	545	0.
3	546	0.
3	547	0.
3	548	0.
3	549	0.
3	550	0.
3	551	0.
3	552	0.
3	553	0.
3	554	0.
3	555	0.
3	556	0.
3	557	0.
3	558	0.
3	559	0.
3	560	0.
3	561	0.
3	562	0.
3	563	0.
3	564	0.
3	565	0.
3	566	0.
3	567	0.
3	568	0.
3	569	0.
3	570	0.
3	571	0.
3	572	0.
3	573	0.
3	574	0.
3	575	0.
3	576	0.
3	577	0.
3	578	0.
3	579	0.
3	580	0.
3	581	0.
3	582	0.
3	583	0.
3	584	0.
3	585	0.
3	586	0.
3	587	0.
3	588	0.
3	589	0.
3	590	0.
3	591	0.
3	592	0.
3	593	0.
3	594	0.
3	595	0.
3	596	0.
3	597	0.
3	598	0.
3	599	0.
3	600	0.
3	601	0.
3	602	0.
3	603	0.
3	604	0.
3	605	0.
3	606	0.
3	607	0.
3	608	0.
3	609	0.
3	610	0.
3	611	0.
3	612	0.
3	613	0.
3	614	0.
3	615	0.
3	616	0.
3	617	0.
3	618	0.
3	619	0.
3	620	0.
3	621	0.
3	622	0.
3	623	0.
3	624	0.
3	625	0.
3	626	0.
3	627	0.
3	628	0.
3	629	0.
3	630	0.
3	631	0.
3	632	0.
3	633	0.
3	634	0.
3	635	0.
3	636	0.
3	637	0.
3	638	0.
3	639	0.
3	640	0.
3	641	0.
3	642	0.
3	643	0.
3	644	0.
3	645	0.
3	646	0.
3	647	0.
3	648	0.
3	649	0.
3	650	0.
3	651	0.
3	652	0.
3	653	0.
3	654	0.
3	655	0.
3	656	0.
3	657	0.
3	658	0.
3	659	0.
3	660	0.
3	661	0.
3	662	0.
3	663	0.
3	664	0.
3	665	0.
3	666	0.
3	667	0.
3	668	0.
3	669	0.
3	670	0.
3	671	0.
3	672	0.
3	673	0.
3	674	0.
3	675	0.
3	676	0.
3	677	0.
3	678	0.
3	679	0.
3	680	0.
3	681	0.
3	682	0.
3	683	0.
3	684	0.
3	685	0.
3	686	0.
3	687	0.
3	688	0.
3	689	0.
3	690	0.
3	691	0.
3	692	0.
3	693	0.
3	694	0.
3	695	0.
3	696	0.
3	697	0.
3	698	0.
3	699	0.
3	700	0.
3	701	0.
3	702	0.
3	703	0.
3	704	0.
3	705	0.
3	706	0.
3	707	0.
3	708	0.
3	709	0.
3	710	0.
3	711	0.
3	712	0.
3	713	0.
3	714	0.
3	715	0.
3	716	0.
3	717	0.
3	718	0.
3	719	0.
3	720	0.
3	721	0.
3	722	0.
3	723	0.
3	724	0.
3	725	0.
3	726	0.
3	727	0.
3	728	0.
3	729	0.
3	730	0.
3	731	0.
3	732	0.
3	733	0.
3	734	0.
3	735	0.
3	736	0.
3	737	0.
3	738	0.
3	739	0.
3	740	0.
3	741	0.
3	742	0.
3	743	0.
3	744	0.
3	745	0.
3	746	0.
3	747	0.
3	748	0.
3	749	0.
3	750	0.
3	751	0.
3	752	0.
3	753	0.
3	754	0.
3	755	0.
3	756	0.00001
3	757	0.
3	758	0.
3	759	0.00001
3	760	0.00001
3	761	0.
3	762	0.
3	763	0.
3	764	0.
3	765	0.
3	766	0.00001
3	767	0.
3	768	0.00001
3	769	0.00001
3	770	0.00001
3	771	0.00001
3	772	0.00001
3	773	0.00001
3	774	0.00001
3	775	0.00002
3	776	0.00003
3	777	0.00001
3	778	0.00001
3	779	0.
3	780	0.00006
3	781	0.00002
3	782	0.00001
3	783	0.00003
3	784	0.00007
3	785	0.00003
3	786	0.00007
3	787	0.00008
3	788	0.00009
3	789	0.00004
3	790	0.00002
3	791	0.00005
3	792	0.00011
3	793	0.00013
3	794	0.00012
3	795	0.00012
3	796	0.00014
3	797	0.00012
3	798	0.00013
3	799	0.00022
3	800	0.00014
3	801	0.0002
3	802	0.0002
3	803	0.00025
3	804	0.00032
3	805	0.00031
3	806	0.00055
3	807	0.00023
3	808	0.00043
3	809	0.00036
3	810	0.00058
3	811	0.0006
3	812	0.00066
3	813	0.00066
3	814	0.00072
3	815	0.00087
3	816	0.00072
3	817	0.00079
3	818	0.00103
3	819	0.00131
3	820	0.0012
3	821	0.00128
3	822	0.0013
3	823	0.0014
3	824	0.00164
3	825	0.00188
3	826	0.0017
3	827	0.00182
3	828	0.00231
3	829	0.00202
3	830	0.00248
3	831	0.00254
3	832	0.00274
3	833	0.00282
3	834	0.00344
3	835	0.0031
3	836	0.00348
3	837	0.00375
3	838	0.00397
3	839	0.00446
3	840	0.00404
3	841	0.0046
3	842	0.00464
3	843	0.00496
3	844	0.00552
3	845	0.00549
3	846	0.00529
3	847	0.0058
3	848	0.00612
3	849	0.0065
3	850	0.007
3	851	0.00698
3	852	0.0075
3	853	0.00795
3	854	0.00785
3	855	0.00858
3	856	0.00893
3	857	0.00838
3	858	0.00876
3	859	0.00952
3	860	0.0097
3	861	0.00964
3	862	0.0105
3	863	0.01077
3	864	0.01037
3	865	0.01047
3	866	0.01081
3	867	0.01156
3	868	0.01127
3	869	0.01183
3	870	0.01239
3	871	0.01166
3	872	0.012
3	873	0.01336
3	874	0.01194
3	875	0.01297
3	876	0.01312
3	877	0.01325
3	878	0.01256
3	879	0.01354
3	880	0.01346
3	881	0.01366
3	882	0.0135
3	883	0.01318
3	884	0.01314
3	885	0.01348
3	886	0.01326
3	887	0.01356
3	888	0.01326
3	889	0.01307
3	890	0.0137
3	891	0.01293
3	892	0.01353
3	893	0.01253
3	894	0.01315
3	895	0.013
3	896	0.01204
3	897	0.01219
3	898	0.01193
3	899	0.01199
3	900	0.01171
3	901	0.01084
3	902	0.01077
3	903	0.0107
3	904	0.01088
3	905	0.01074
3	906	0.0105
3	907	0.00993
3	908	0.00982
3	909	0.00944
3	910	0.00951
3	911	0.00933
3	912	0.00914
3	913	0.00816
3	914	0.00846
3	915	0.00811
3	916	0.00798
3	917	0.00747
3	918	0.00672
3	919	0.00705
3	920	0.0063
3	921	0.00624
3	922	0.00618
3	923	0.00553
3	924	0.00579
3	925	0.00526
3	926	0.00503
3	927	0.00484
3	928	0.00475
3	929	0.00427
3	930	0.00476
3	931	0.00401
3	932	0.00339
3	933	0.00343
3	934	0.00349
3	935	0.00332
3	936	0.0029
3	937	0.00318
3	938	0.00282
3	939	0.00245
3	940	0.00235
3	941	0.00227
3	942	0.00214
3	943	0.00203
3	944	0.00215
3	945	0.00191
3	946	0.00161
3	947	0.00138
3	948	0.0014
3	949	0.00141
3	950	0.00128
3	951	0.00106
3	952	0.00121
3	953	0.00115
3	954	0.00086
3	955	0.00091
3	956	0.00072
3	957	0.00076
3	958	0.00063
3	959	0.0007
3	960	0.00061
3	961	0.0004
3	962	0.00052
3	963	0.00045
3	964	0.00038
3	965	0.00028
3	966	0.00038
3	967	0.00018
3	968	0.00033
3	969	0.00027
3	970	0.00023
3	971	0.00011
3	972	0.0002
3	973	0.00011
3	974	0.00011
3	975	0.00018
3	976	0.00016
3	977	0.00019
3	978	0.00009
3	979	0.00008
3	980	0.00004
3	981	0.00008
3	982	0.00009
3	983	0.00004
3	984	0.00011
3	985	0.00004
3	986	0.00003
3	987	0.00006
3	988	0.00005
3	989	0.00002
3	990	0.00002
3	991	0.00002
3	992	0.00005
3	993	0.00006
3	994	0.00001
3	995	0.00002
3	996	0.00004
3	997	0.
3	998	0.
3	999	0.
3	1000	0.
3	1001	0.
3	1002	0.
3	1003	0.00002
3	1004	0.
3	1005	0.
3	1006	0.00001
3	1007	0.
3	1008	0.
3	1009	0.00001
3	1010	0.
3	1011	0.
3	1012	0.
3	1013	0.
3	1014	0.00001
3	1015	0.
3	1016	0.
3	1017	0.
3	1018	0.
3	1019	0.
3	1020	0.
3	1021	0.
3	1022	0.
3	1023	0.
3	1024	0.
3	1025	0.
3	1026	0.
3	1027	0.
3	1028	0.
3	1029	0.
3	1030	0.
3	1031	0.
3	1032	0.
3	1033	0.
3	1034	0.
3	1035	0.
3	1036	0.
3	1037	0.
3	1038	0.
3	1039	0.
3	1040	0.
3	1041	0.
3	1042	0.
3	1043	0.
3	1044	0.
3	1045	0.
3	1046	0.
3	1047	0.
3	1048	0.
3	1049	0.
3	1050	0.
3	1051	0.
3	1052	0.
3	1053	0.
3	1054	0.
3	1055	0.
3	1056	0.
3	1057	0.
3	1058	0.
3	1059	0.
3	1060	0.
3	1061	0.
3	1062	0.
3	1063	0.
3	1064	0.
3	1065	0.
3	1066	0.
3	1067	0.
3	1068	0.
3	1069	0.
3	1070	0.
3	1071	0.
3	1072	0.
3	1073	0.
3	1074	0.
3	1075	0.
3	1076	0.
3	1077	0.
3	1078	0.
3	1079	0.
3	1080	0.
3	1081	0.
3	1082	0.
3	1083	0.
3	1084	0.
3	1085	0.
3	1086	0.
3	1087	0.
3	1088	0.
3	1089	0.
3	1090	0.
3	1091	0.
3	1092	0.
3	1093	0.
3	1094	0.
3	1095	0.
3	1096	0.
3	1097	0.
3	1098	0.
3	1099	0.
3	1100	0.
3	1101	0.
3	1102	0.
3	1103	0.
3	1104	0.
3	1105	0.
3	1106	0.
3	1107	0.
3	1108	0.
3	1109	0.
3	1110	0.
3	1111	0.
3	1112	0.
3	1113	0.
3	1114	0.
3	1115	0.
3	1116	0.
3	1117	0.
3	1118	0.
3	1119	0.
3	1120	0.
3	1121	0.
3	1122	0.
3	1123	0.
3	1124	0.
3	1125	0.
3	1126	0.
3	1127	0.
3	1128	0.
3	1129	0.
3	1130	0.
3	1131	0.
3	1132	0.
3	1133	0.
3	1134	0.
3	1135	0.
3	1136	0.
3	1137	0.
3	1138	0.
3	1139	0.
3	1140	0.
3	1141	0.
3	1142	0.
3	1143	0.
3	1144	0.
3	1145	0.
3	1146	0.
3	1147	0.
3	1148	0.
3	1149	0.
3	1150	0.
3	1151	0.
3	1152	0.
3	1153	0.
3	1154	0.
3	1155	0.
3	1156	0.
3	1157	0.
3	1158	0.
3	1159	0.
3	1160	0.
3	1161	0.
3	1162	0.
3	1163	0.
3	1164	0.
3	1165	0.
3	1166	0.
3	1167	0.
3	1168	0.
3	1169	0.
3	1170	0.
3	1171	0.
3	1172	0.
3	1173	0.
3	1174	0.
3	1175	0.
3	1176	0.
3	1177	0.
3	1178	0.
3	1179	0.
3	1180	0.
3	1181	0.
3	1182	0.
3	1183	0.
3	1184	0.
3	1185	0.
3	1186	0.
3	1187	0.
3	1188	0.
3	1189	0.
3	1190	0.
3	1191	0.
3	1192	0.
3	1193	0.
3	1194	0.
3	1195	0.
3	1196	0.
3	1197	0.
3	1198	0.
3	1199	0.
3	1200	0.
3	1201	0.
3	1202	0.
3	1203	0.
3	1204	0.
3	1205	0.
3	1206	0.
3	1207	0.
3	1208	0.
3	1209	0.
3	1210	0.
3	1211	0.
3	1212	0.
3	1213	0.
3	1214	0.
3	1215	0.
3	1216	0.
3	1217	0.
3	1218	0.
3	1219	0.
3	1220	0.
3	1221	0.
3	1222	0.
3	1223	0.
3	1224	0.
3	1225	0.
3	1226	0.
3	1227	0.
3	1228	0.
3	1229	0.
3	1230	0.
3	1231	0.
3	1232	0.
3	1233	0.
3	1234	0.
3	1235	0.
3	1236	0.
3	1237	0.
3	1238	0.
3	1239	0.
3	1240	0.
3	1241	0.
3	1242	0.
3	1243	0.
3	1244	0.
3	1245	0.
3	1246	0.
3	1247	0.
3	1248	0.
3	1249	0.
3	1250	0.
3	1251	0.
3	1252	0.
3	1253	0.
3	1254	0.
3	1255	0.
3	1256	0.
3	1257	0.
3	1258	0.
3	1259	0.
3	1260	0.
3	1261	0.
3	1262	0.
3	1263	0.
3	1264	0.
3	1265	0.
3	1266	0.
3	1267	0.
3	1268	0.
3	1269	0.
3	1270	0.
3	1271	0.
3	1272	0.
3	1273	0.
3	1274	0.
3	1275	0.
3	1276	0.
3	1277	0.
3	1278	0.
3	1279	0.
3	1280	0.
3	1281	0.
3	1282	0.
3	1283	0.
3	1284	0.
3	1285	0.
3	1286	0.
3	1287	0.
3	1288	0.
3	1289	0.
3	1290	0.
3	1291	0.
3	1292	0.
3	1293	0.
3	1294	0.
3	1295	0.
3	1296	0.
3	1297	0.
3	1298	0.
3	1299	0.
3	1300	0.
4	300	0.
4	301	0.
4	302	0.
4	303	0.
4	304	0.
4	305	0.
4	306	0.
4	307	0.
4	308	0.
4	309	0.
4	310	0.
4	311	0.
4	312	0.
4	313	0.
4	314	0.
4	315	0.
4	316	0.
4	317	0.
4	318	0.
4	319	0.
4	320	0.
4	321	0.
4	322	0.
4	323	0.
4	324	0.
4	325	0.
4	326	0.
4	327	0.
4	328	0.
4	329	0.
4	330	0.
4	331	0.
4	332	0.
4	333	0.
4	334	0.
4	335	0.
4	336	0.
4	337	0.
4	338	0.
4	339	0.
4	340	0.
4	341	0.
4	342	0.
4	343	0.
4	344	0.
4	345	0.
4	346	0.
4	347	0.
4	348	0.
4	349	0.
4	350	0.
4	351	0.
4	352	0.
4	353	0.
4	354	0.
4	355	0.
4	356	0.
4	357	0.
4	358	0.
4	359	0.
4	360	0.
4	361	0.
4	362	0.
4	363	0.
4	364	0.
4	365	0.
4	366	0.
4	367	0.
4	368	0.
4	369	0.
4	370	0.
4	371	0.
4	372	0.
4	373	0.
4	374	0.
4	375	0.
4	376	0.
4	377	0.
4	378	0.
4	379	0.
4	380	0.
4	381	0.
4	382	0.
4	383	0.
4	384	0.
4	385	0.
4	386	0.
4	387	0.
4	388	0.
4	389	0.
4	390	0.
4	391	0.
4	392	0.
4	393	0.
4	394	0.
4	395	0.
4	396	0.
4	397	0.
4	398	0.
4	399	0.
4	400	0.
4	401	0.
4	402	0.
4	403	0.
4	404	0.
4	405	0.
4	406	0.
4	407	0.
4	408	0.
4	409	0.
4	410	0.
4	411	0.
4	412	0.
4	413	0.
4	414	0.
4	415	0.
4	416	0.
4	417	0.
4	418	0.
4	419	0.
4	420	0.
4	421	0.
4	422	0.
4	423	0.
4	424	0.
4	425	0.
4	426	0.
4	427	0.
4	428	0.
4	429	0.
4	430	0.
4	431	0.
4	432	0.
4	433	0.
4	434	0.
4	435	0.
4	436	0.
4	437	0.
4	438	0.
4	439	0.
4	440	0.
4	441	0.
4	442	0.
4	443	0.
4	444	0.
4	445	0.
4	446	0.
4	447	0.
4	448	0.
4	449	0.
4	450	0.
4	451	0.
4	452	0.
4	453	0.
4	454	0.
4	455	0.
4	456	0.
4	457	0.
4	458	0.
4	459	0.
4	460	0.
4	461	0.
4	462	0.
4	463	0.
4	464	0.
4	465	0.
4	466	0.
4	467	0.
4	468	0.
4	469	0.
4	470	0.
4	471	0.
4	472	0.
4	473	0.
4	474	0.
4	475	0.
4	476	0.
4	477	0.
4	478	0.
4	479	0.
4	480	0.
4	481	0.
4	482	0.
4	483	0.
4	484	0.
4	485	0.
4	486	0.
4	487	0.
4	488	0.
4	489	0.
4	490	0.
4	491	0.
4	492	0.
4	493	0.
4	494	0.
4	495	0.
4	496	0.
4	497	0.
4	498	0.
4	499	0.
4	500	0.
4	501	0.
4	502	0.
4	503	0.
4	504	0.
4	505	0.
4	506	0.
4	507	0.
4	508	0.
4	509	0.
4	510	0.
4	511	0.
4	512	0.
4	513	0.
4	514	0.
4	515	0.
4	516	0.
4	517	0.
4	518	0.
4	519	0.
4	520	0.
4	521	0.
4	522	0.
4	523	0.
4	524	0.
4	525	0.
4	526	0.
4	527	0.
4	528	0.
4	529	0.
4	530	0.
4	531	0.
4	532	0.
4	533	0.
4	534	0.
4	535	0.
4	536	0.
4	537	0.
4	538	0.
4	539	0.
4	540	0.
4	541	0.
4	542	0.
4	543	0.
4	544	0.
4	545	0.
4	546	0.
4	547	0.
4	548	0.
4	549	0.
4	550	0.
4	551	0.
4	552	0.
4	553	0.
4	554	0.
4	555	0.
4	556	0.
4	557	0.
4	558	0.
4	559	0.
4	560	0.
4	561	0.
4	562	0.
4	563	0.
4	564	0.
4	565	0.
4	566	0.
4	567	0.
4	568	0.
4	569	0.
4	570	0.
4	571	0.
4	572	0.
4	573	0.
4	574	0.
4	575	0.
4	576	0.
4	577	0.
4	578	0.
4	579	0.
4	580	0.
4	581	0.
4	582	0.
4	583	0.
4	584	0.
4	585	0.
4	586	0.
4	587	0.
4	588	0.
4	589	0.
4	590	0.
4	591	0.
4	592	0.
4	593	0.
4	594	0.
4	595	0.
4	596	0.
4	597	0.
4	598	0.
4	599	0.
4	600	0.
4	601	0.
4	602	0.
4	603	0.
4	604	0.
4	605	0.
4	606	0.
4	607	0.
4	608	0.
4	609	0.
4	610	0.
4	611	0.
4	612	0.
4	613	0.
4	614	0.
4	615	0.
4	616	0.
4	617	0.
4	618	0.
4	619	0.
4	620	0.
4	621	0.
4	622	0.
4	623	0.
4	624	0.
4	625	0.
4	626	0.
4	627	0.
4	628	0.
4	629	0.
4	630	0.
4	631	0.
4	632	0.
4	633	0.
4	634	0.
4	635	0.
4	636	0.
4	637	0.
4	638	0.
4	639	0.
4	640	0.
4	641	0.
4	642	0.
4	643	0.
4	644	0.
4	645	0.
4	646	0.
4	647	0.
4	648	0.
4	649	0.
4	650	0.
4	651	0.
4	652	0.
4	653	0.
4	654	0.
4	655	0.
4	656	0.
4	657	0.
4	658	0.
4	659	0.
4	660	0.
4	661	0.
4	662	0.
4	663	0.
4	664	0.
4	665	0.
4	666	0.
4	667	0.
4	668	0.
4	669	0.
4	670	0.
4	671	0.
4	672	0.
4	673	0.
4	674	0.
4	675	0.
4	676	0.
4	677	0.
4	678	0.
4	679	0.
4	680	0.
4	681	0.
4	682	0.
4	683	0.
4	684	0.
4	685	0.
4	686	0.
4	687	0.
4	688	0.
4	689	0.
4	690	0.
4	691	0.
4	692	0.
4	693	0.
4	694	0.
4	695	0.
4	696	0.
4	697	0.
4	698	0.
4	699	0.
4	700	0.
4	701	0.
4	702	0.
4	703	0.
4	704	0.
4	705	0.
4	706	0.
4	707	0.
4	708	0.
4	709	0.
4	710	0.
4	711	0.
4	712	0.
4	713	0.
4	714	0.
4	715	0.
4	716	0.
4	717	0.
4	718	0.
4	719	0.
4	720	0.
4	721	0.
4	722	0.
4	723	0.
4	724	0.
4	725	0.
4	726	0.
4	727	0.
4	728	0.
4	729	0.
4	730	0.
4	731	0.
4	732	0.
4	733	0.
4	734	0.
4	735	0.
4	736	0.
4	737	0.
4	738	0.
4	739	0.
4	740	0.
4	741	0.
4	742	0.
4	743	0.
4	744	0.
4	745	0.
4	746	0.
4	747	0.
4	748	0.
4	749	0.
4	750	0.
4	751	0.
4	752	0.
4	753	0.
4	754	0.
4	755	0.
4	756	0.
4	757	0.
4	758	0.
4	759	0.
4	760	0.
4	761	0.
4	762	0.
4	763	0.
4	764	0.
4	765	0.
4	766	0.
4	767	0.
4	768	0.
4	769	0.
4	770	0.
4	771	0.
4	772	0.
4	773	0.
4	774	0.
4	775	0.
4	776	0.
4	777	0.
4	778	0.
4	779	0.
4	780	0.
4	781	0.
4	782	0.
4	783	0.
4	784	0.
4	785	0.
4	786	0.
4	787	0.
4	788	0.
4	789	0.
4	790	0.
4	791	0.
4	792	0.
4	793	0.
4	794	0.
4	795	0.
4	796	0.
4	797	0.
4	798	0.
4	799	0.
4	800	0.
4	801	0.
4	802	0.
4	803	0.
4	804	0.
4	805	0.00001
4	806	0.
4	807	0.
4	808	0.
4	809	0.
4	810	0.
4	811	0.
4	812	0.
4	813	0.00002
4	814	0.00001
4	815	0.00001
4	816	0.00002
4	817	0.
4	818	0.00002
4	819	0.00001
4	820	0.
4	821	0.00003
4	822	0.
4	823	0.00001
4	824	0.00002
4	825	0.00004
4	826	0.00006
4	827	0.00004
4	828	0.00005
4	829	0.00005
4	830	0.00007
4	831	0.00006
4	832	0.00003
4	833	0.00009
4	834	0.00011
4	835	0.00012
4	836	0.00015
4	837	0.00012
4	838	0.00015
4	839	0.00017
4	840	0.00009
4	841	0.00023
4	842	0.00016
4	843	0.00016
4	844	0.00022
4	845	0.00026
4	846	0.00025
4	847	0.00032
4	848	0.00028
4	849	0.00034
4	850	0.00041
4	851	0.0004
4	852	0.00042
4	853	0.00048
4	854	0.00054
4	855	0.00053
4	856	0.00058
4	857	0.00071
4	858	0.00063
4	859	0.00066
4	860	0.00101
4	861	0.00084
4	862	0.0012
4	863	0.00119
4	864	0.00118
4	865	0.00131
4	866	0.00138
4	867	0.00132
4	868	0.00139
4	869	0.00181
4	870	0.00168
4	871	0.00201
4	872	0.00199
4	873	0.00221
4	874	0.00227
4	875	0.00282
4	876	0.00272
4	877	0.00245
4	878	0.00316
4	879	0.00326
4	880	0.00319
4	881	0.00382
4	882	0.0038
4	883	0.00375
4	884	0.00416
4	885	0.00437
4	886	0.00394
4	887	0.00485
4	888	0.00469
4	889	0.00503
4	890	0.00565
4	891	0.00547
4	892	0.00634
4	893	0.00624
4	894	0.00651
4	895	0.00707
4	896	0.0068
4	897	0.00706
4	898	0.00739
4	899	0.00736
4	900	0.00768
4	901	0.00814
4	902	0.00877
4	903	0.00871
4	904	0.00927
4	905	0.00933
4	906	0.00901
4	907	0.00944
4	908	0.01023
4	909	0.01056
4	910	0.01039
4	911	0.01061
4	912	0.01115
4	913	0.01081
4	914	0.01155
4	915	0.0107
4	916	0.0118
4	917	0.01212
4	918	0.01209
4	919	0.01244
4	920	0.01212
4	921	0.0128
4	922	0.01249
4	923	0.01285
4	924	0.01229
4	925	0.01357
4	926	0.01295
4	927	0.01313
4	928	0.01264
4	929	0.01321
4	930	0.01352
4	931	0.01288
4	932	0.01343
4	933	0.01276
4	934	0.01353
4	935	0.01276
4	936	0.01294
4	937	0.0126
4	938	0.01276
4	939	0.01213
4	940	0.01253
4	941	0.01237
4	942	0.01198
4	943	0.01203
4	944	0.01241
4	945	0.01201
4	946	0.01094
4	947	0.01093
4	948	0.01055
4	949	0.01064
4	950	0.01033
4	951	0.01004
4	952	0.01006
4	953	0.00998
4	954	0.00933
4	955	0.00995
4	956	0.00984
4	957	0.00877
4	958	0.00835
4	959	0.00831
4	960	0.00768
4	961	0.00795
4	962	0.008
4	963	0.0076
4	964	0.00734
4	965	0.00697
4	966	0.00655
4	967	0.00594
4	968	0.00613
4	969	0.00643
4	970	0.00534
4	971	0.00554
4	972	0.00511
4	973	0.00517
4	974	0.00486
4	975	0.00436
4	976	0.00441
4	977	0.00412
4	978	0.00429
4	979	0.0036
4	980	0.00351
4	981	0.00333
4	982	0.00321
4	983	0.00299
4	984	0.00282
4	985	0.00274
4	986	0.00255
4	987	0.00231
4	988	0.00231
4	989	0.00245
4	990	0.00205
4	991	0.0016
4	992	0.0017
4	993	0.00161
4	994	0.00149
4	995	0.00147
4	996	0.00148
4	997	0.00119
4	998	0.00109
4	999	0.00094
4	1000	0.00105
4	1001	0.00095
4	1002	0.00094
4	1003	0.00068
4	1004	0.00079
4	1005	0.00068
4	1006	0.00046
4	1007	0.00051
4	1008	0.00067
4	1009	0.00045
4	1010	0.00053
4	1011	0.00035
4	1012	0.00046
4	1013	0.00033
4	1014	0.00035
4	1015	0.00029
4	1016	0.00026
4	1017	0.00018
4	1018	0.00019
4	1019	0.00022
4	1020	0.00012
4	1021	0.00015
4	1022	0.00017
4	1023	0.00021
4	1024	0.00021
4	1025	0.00012
4	1026	0.00014
4	1027	0.00007
4	1028	0.00008
4	1029	0.00008
4	1030	0.00008
4	1031	0.00013
4	1032	0.00005
4	1033	0.00005
4	1034	0.00006
4	1035	0.00005
4	1036	0.00004
4	1037	0.00004
4	1038	0.00005
4	1039	0.00004
4	1040	0.00002
4	1041	0.
4	1042	0.00001
4	1043	0.00001
4	1044	0.00001
4	1045	0.00001
4	1046	0.
4	1047	0.00002
4	1048	0.00004
4	1049	0.
4	1050	0.
4	1051	0.
4	1052	0.
4	1053	0.00001
4	1054	0.00002
4	1055	0.
4	1056	0.
4	1057	0.
4	1058	0.
4	1059	0.
4	1060	0.
4	1061	0.
4	1062	0.
4	1063	0.
4	1064	0.
4	1065	0.
4	1066	0.
4	1067	0.
4	1068	0.
4	1069	0.
4	1070	0.
4	1071	0.
4	1072	0.
4	1073	0.
4	1074	0.
4	1075	0.
4	1076	0.
4	1077	0.
4	1078	0.
4	1079	0.
4	1080	0.
4	1081	0.
4	1082	0.
4	1083	0.
4	1084	0.
4	1085	0.
4	1086	0.
4	1087	0.
4	1088	0.
4	1089	0.
4	1090	0.
4	1091	0.
4	1092	0.
4	1093	0.
4	1094	0.
4	1095	0.
4	1096	0.
4	1097	0.
4	1098	0.
4	1099	0.
4	1100	0.
4	1101	0.
4	1102	0.
4	1103	0.
4	1104	0.
4	1105	0.
4	1106	0.
4	1107	0.
4	1108	0.
4	1109	0.
4	1110	0.
4	1111	0.
4	1112	0.
4	1113	0.
4	1114	0.
4	1115	0.
4	1116	0.
4	1117	0.
4	1118	0.
4	1119	0.
4	1120	0.
4	1121	0.
4	1122	0.
4	1123	0.
4	1124	0.
4	1125	0.
4	1126	0.
4	1127	0.
4	1128	0.
4	1129	0.
4	1130	0.
4	1131	0.
4	1132	0.
4	1133	0.
4	1134	0.
4	1135	0.
4	1136	0.
4	1137	0.
4	1138	0.
4	1139	0.
4	1140	0.
4	1141	0.
4	1142	0.
4	1143	0.
4	1144	0.
4	1145	0.
4	1146	0.
4	1147	0.
4	1148	0.
4	1149	0.
4	1150	0.
4	1151	0.
4	1152	0.
4	1153	0.
4	1154	0.
4	1155	0.
4	1156	0.
4	1157	0.
4	1158	0.
4	1159	0.
4	1160	0.
4	1161	0.
4	1162	0.
4	1163	0.
4	1164	0.
4	1165	0.
4	1166	0.
4	1167	0.
4	1168	0.
4	1169	0.
4	1170	0.
4	1171	0.
4	1172	0.
4	1173	0.
4	1174	0.
4	1175	0.
4	1176	0.
4	1177	0.
4	1178	0.
4	1179	0.
4	1180	0.
4	1181	0.
4	1182	0.
4	1183	0.
4	1184	0.
4	1185	0.
4	1186	0.
4	1187	0.
4	1188	0.
4	1189	0.
4	1190	0.
4	1191	0.
4	1192	0.
4	1193	0.
4	1194	0.
4	1195	0.
4	1196	0.
4	1197	0.
4	1198	0.
4	1199	0.
4	1200	0.
4	1201	0.
4	1202	0.
4	1203	0.
4	1204	0.
4	1205	0.
4	1206	0.
4	1207	0.
4	1208	0.
4	1209	0.
4	1210	0.
4	1211	0.
4	1212	0.
4	1213	0.
4	1214	0.
4	1215	0.
4	1216	0.
4	1217	0.
4	1218	0.
4	1219	0.
4	1220	0.
4	1221	0.
4	1222	0.
4	1223	0.
4	1224	0.
4	1225	0.
4	1226	0.
4	1227	0.
4	1228	0.
4	1229	0.
4	1230	0.
4	1231	0.
4	1232	0.
4	1233	0.
4	1234	0.
4	1235	0.
4	1236	0.
4	1237	0.
4	1238	0.
4	1239	0.
4	1240	0.
4	1241	0.
4	1242	0.
4	1243	0.
4	1244	0.
4	1245	0.
4	1246	0.
4	1247	0.
4	1248	0.
4	1249	0.
4	1250	0.
4	1251	0.
4	1252	0.
4	1253	0.
4	1254	0.
4	1255	0.
4	1256	0.
4	1257	0.
4	1258	0.
4	1259	0.
4	1260	0.
4	1261	0.
4	1262	0.
4	1263	0.
4	1264	0.
4	1265	0.
4	1266	0.
4	1267	0.
4	1268	0.
4	1269	0.
4	1270	0.
4	1271	0.
4	1272	0.
4	1273	0.
4	1274	0.
4	1275	0.
4	1276	0.
4	1277	0.
4	1278	0.
4	1279	0.
4	1280	0.
4	1281	0.
4	1282	0.
4	1283	0.
4	1284	0.
4	1285	0.
4	1286	0.
4	1287	0.
4	1288	0.
4	1289	0.
4	1290	0.
4	1291	0.
4	1292	0.
4	1293	0.
4	1294	0.
4	1295	0.
4	1296	0.
4	1297	0.
4	1298	0.
4	1299	0.
4	1300	0.
5	300	0.
5	301	0.
5	302	0.
5	303	0.
5	304	0.
5	305	0.
5	306	0.
5	307	0.
5	308	0.
5	309	0.
5	310	0.
5	311	0.
5	312	0.
5	313	0.
5	314	0.
5	315	0.
5	316	0.
5	317	0.
5	318	0.
5	319	0.
5	320	0.
5	321	0.
5	322	0.
5	323	0.
5	324	0.
5	325	0.
5	326	0.
5	327	0.
5	328	0.
5	329	0.
5	330	0.
5	331	0.
5	332	0.
5	333	0.
5	334	0.
5	335	0.
5	336	0.
5	337	0.
5	338	0.
5	339	0.
5	340	0.
5	341	0.
5	342	0.
5	343	0.
5	344	0.
5	345	0.
5	346	0.
5	347	0.
5	348	0.
5	349	0.
5	350	0.
5	351	0.
5	352	0.
5	353	0.
5	354	0.
5	355	0.
5	356	0.
5	357	0.
5	358	0.
5	359	0.
5	360	0.
5	361	0.
5	362	0.
5	363	0.
5	364	0.
5	365	0.
5	366	0.
5	367	0.
5	368	0.
5	369	0.
5	370	0.
5	371	0.
5	372	0.
5	373	0.
5	374	0.
5	375	0.
5	376	0.
5	377	0.
5	378	0.
5	379	0.
5	380	0.
5	381	0.
5	382	0.
5	383	0.
5	384	0.
5	385	0.
5	386	0.
5	387	0.
5	388	0.
5	389	0.
5	390	0.
5	391	0.
5	392	0.
5	393	0.
5	394	0.
5	395	0.
5	396	0.
5	397	0.
5	398	0.
5	399	0.
5	400	0.
5	401	0.
5	402	0.
5	403	0.
5	404	0.
5	405	0.
5	406	0.
5	407	0.
5	408	0.
5	409	0.
5	410	0.
5	411	0.
5	412	0.
5	413	0.
5	414	0.
5	415	0.
5	416	0.
5	417	0.
5	418	0.
5	419	0.
5	420	0.
5	421	0.
5	422	0.
5	423	0.
5	424	0.
5	425	0.
5	426	0.
5	427	0.
5	428	0.
5	429	0.
5	430	0.
5	431	0.
5	432	0.
5	433	0.
5	434	0.
5	435	0.
5	436	0.
5	437	0.
5	438	0.
5	439	0.
5	440	0.
5	441	0.
5	442	0.
5	443	0.
5	444	0.
5	445	0.
5	446	0.
5	447	0.
5	448	0.
5	449	0.
5	450	0.
5	451	0.
5	452	0.
5	453	0.
5	454	0.
5	455	0.
5	456	0.
5	457	0.
5	458	0.
5	459	0.
5	460	0.
5	461	0.
5	462	0.
5	463	0.
5	464	0.
5	465	0.
5	466	0.
5	467	0.
5	468	0.
5	469	0.
5	470	0.
5	471	0.
5	472	0.
5	473	0.
5	474	0.
5	475	0.
5	476	0.
5	477	0.
5	478	0.
5	479	0.
5	480	0.
5	481	0.
5	482	0.
5	483	0.
5	484	0.
5	485	0.
5	486	0.
5	487	0.
5	488	0.
5	489	0.
5	490	0.
5	491	0.
5	492	0.
5	493	0.
5	494	0.
5	495	0.
5	496	0.
5	497	0.
5	498	0.
5	499	0.
5	500	0.
5	501	0.
5	502	0.
5	503	0.
5	504	0.
5	505	0.
5	506	0.
5	507	0.
5	508	0.
5	509	0.
5	510	0.
5	511	0.
5	512	0.
5	513	0.
5	514	0.
5	515	0.
5	516	0.
5	517	0.
5	518	0.
5	519	0.
5	520	0.
5	521	0.
5	522	0.
5	523	0.
5	524	0.
5	525	0.
5	526	0.
5	527	0.
5	528	0.
5	529	0.
5	530	0.
5	531	0.
5	532	0.
5	533	0.
5	534	0.
5	535	0.
5	536	0.
5	537	0.
5	538	0.
5	539	0.
5	540	0.
5	541	0.
5	542	0.
5	543	0.
5	544	0.
5	545	0.
5	546	0.
5	547	0.
5	548	0.
5	549	0.
5	550	0.
5	551	0.
5	552	0.
5	553	0.
5	554	0.
5	555	0.
5	556	0.
5	557	0.
5	558	0.
5	559	0.
5	560	0.
5	561	0.
5	562	0.
5	563	0.
5	564	0.
5	565	0.
5	566	0.
5	567	0.
5	568	0.
5	569	0.
5	570	0.
5	571	0.
5	572	0.
5	573	0.
5	574	0.
5	575	0.
5	576	0.
5	577	0.
5	578	0.
5	579	0.
5	580	0.
5	581	0.
5	582	0.
5	583	0.
5	584	0.
5	585	0.
5	586	0.
5	587	0.
5	588	0.
5	589	0.
5	590	0.
5	591	0.
5	592	0.
5	593	0.
5	594	0.
5	595	0.
5	596	0.
5	597	0.
5	598	0.
5	599	0.
5	600	0.
5	601	0.
5	602	0.
5	603	0.
5	604	0.
5	605	0.
5	606	0.
5	607	0.
5	608	0.
5	609	0.
5	610	0.
5	611	0.
5	612	0.
5	613	0.
5	614	0.
5	615	0.
5	616	0.
5	617	0.
5	618	0.
5	619	0.
5	620	0.
5	621	0.
5	622	0.
5	623	0.
5	624	0.
5	625	0.
5	626	0.
5	627	0.
5	628	0.
5	629	0.
5	630	0.
5	631	0.
5	632	0.
5	633	0.
5	634	0.
5	635	0.
5	636	0.
5	637	0.
5	638	0.
5	639	0.
5	640	0.
5	641	0.
5	642	0.
5	643	0.
5	644	0.
5	645	0.
5	646	0.
5	647	0.
5	648	0.
5	649	0.
5	650	0.
5	651	0.
5	652	0.
5	653	0.
5	654	0.
5	655	0.
5	656	0.
5	657	0.
5	658	0.
5	659	0.
5	660	0.
5	661	0.
5	662	0.
5	663	0.
5	664	0.
5	665	0.
5	666	0.
5	667	0.
5	668	0.
5	669	0.
5	670	0.
5	671	0.
5	672	0.
5	673	0.
5	674	0.
5	675	0.
5	676	0.
5	677	0.
5	678	0.
5	679	0.
5	680	0.
5	681	0.
5	682	0.
5	683	0.
5	684	0.
5	685	0.
5	686	0.
5	687	0.
5	688	0.
5	689	0.
5	690	0.
5	691	0.
5	692	0.
5	693	0.
5	694	0.
5	695	0.
5	696	0.
5	697	0.
5	698	0.
5	699	0.
5	700	0.
5	701	0.
5	702	0.
5	703	0.
5	704	0.
5	705	0.
5	706	0.
5	707	0.
5	708	0.
5	709	0.
5	710	0.
5	711	0.
5	712	0.
5	713	0.
5	714	0.
5	715	0.
5	716	0.
5	717	0.
5	718	0.
5	719	0.
5	720	0.
5	721	0.
5	722	0.
5	723	0.
5	724	0.
5	725	0.
5	726	0.
5	727	0.
5	728	0.
5	729	0.
5	730	0.
5	731	0.
5	732	0.
5	733	0.
5	734	0.
5	735	0.
5	736	0.
5	737	0.
5	738	0.
5	739	0.
5	740	0.
5	741	0.
5	742	0.
5	743	0.
5	744	0.
5	745	0.
5	746	0.
5	747	0.
5	748	0.
5	749	0.
5	750	0.
5	751	0.
5	752	0.
5	753	0.
5	754	0.
5	755	0.
5	756	0.
5	757	0.
5	758	0.
5	759	0.
5	760	0.
5	761	0.
5	762	0.
5	763	0.
5	764	0.
5	765	0.
5	766	0.
5	767	0.
5	768	0.
5	769	0.
5	770	0.
5	771	0.
5	772	0.
5	773	0.
5	774	0.
5	775	0.
5	776	0.
5	777	0.
5	778	0.
5	779	0.
5	780	0.
5	781	0.
5	782	0.
5	783	0.
5	784	0.
5	785	0.
5	786	0.
5	787	0.
5	788	0.
5	789	0.
5	790	0.
5	791	0.
5	792	0.
5	793	0.
5	794	0.
5	795	0.
5	796	0.
5	797	0.
5	798	0.
5	799	0.
5	800	0.
5	801	0.
5	802	0.
5	803	0.
5	804	0.
5	805	0.
5	806	0.
5	807	0.
5	808	0.
5	809	0.
5	810	0.
5	811	0.
5	812	0.
5	813	0.
5	814	0.
5	815	0.
5	816	0.
5	817	0.
5	818	0.
5	819	0.
5	820	0.
5	821	0.
5	822	0.
5	823	0.
5	824	0.
5	825	0.
5	826	0.
5	827	0.00001
5	828	0.
5	829	0.
5	830	0.
5	831	0.
5	832	0.00001
5	833	0.
5	834	0.
5	835	0.
5	836	0.00001
5	837	0.
5	838	0.
5	839	0.
5	840	0.00001
5	841	0.
5	842	0.
5	843	0.
5	844	0.00001
5	845	0.00001
5	846	0.00002
5	847	0.00001
5	848	0.00001
5	849	0.00001
5	850	0.00002
5	851	0.00002
5	852	0.00001
5	853	0.00003
5	854	0.
5	855	0.00005
5	856	0.00005
5	857	0.00006
5	858	0.00007
5	859	0.00004
5	860	0.00012
5	861	0.0001
5	862	0.00007
5	863	0.00006
5	864	0.00005
5	865	0.00016
5	866	0.00024
5	867	0.00022
5	868	0.00017
5	869	0.00014
5	870	0.00021
5	871	0.00016
5	872	0.00022
5	873	0.00039
5	874	0.00024
5	875	0.00034
5	876	0.00036
5	877	0.00031
5	878	0.00053
5	879	0.00044
5	880	0.00039
5	881	0.00061
5	882	0.00053
5	883	0.00058
5	884	0.00069
5	885	0.00072
5	886	0.00069
5	887	0.00098
5	888	0.00103
5	889	0.00104
5	890	0.00138
5	891	0.00108
5	892	0.00132
5	893	0.00131
5	894	0.00161
5	895	0.00139
5	896	0.00164
5	897	0.00185
5	898	0.00207
5	899	0.00195
5	900	0.00205
5	901	0.0021
5	902	0.00244
5	903	0.00266
5	904	0.00292
5	905	0.00289
5	906	0.00312
5	907	0.00325
5	908	0.00367
5	909	0.00376
5	910	0.00367
5	911	0.00427
5	912	0.00429
5	913	0.00472
5	914	0.00462
5	915	0.00508
5	916	0.005
5	917	0.00554
5	918	0.00561
5	919	0.00553
5	920	0.00623
5	921	0.00607
5	922	0.00646
5	923	0.00664
5	924	0.00709
5	925	0.00724
5	926	0.0071
5	927	0.0085
5	928	0.00796
5	929	0.00785
5	930	0.00866
5	931	0.00861
5	932	0.00962
5	933	0.00919
5	934	0.00939
5	935	0.00925
5	936	0.00987
5	937	0.01041
5	938	0.01093
5	939	0.01088
5	940	0.01149
5	941	0.01166
5	942	0.01106
5	943	0.01159
5	944	0.01141
5	945	0.01092
5	946	0.0117
5	947	0.01228
5	948	0.01213
5	949	0.01323
5	950	0.01206
5	951	0.01224
5	952	0.0126
5	953	0.01223
5	954	0.01283
5	955	0.01278
5	956	0.01339
5	957	0.01356
5	958	0.01265
5	959	0.01263
5	960	0.01271
5	961	0.01308
5	962	0.01296
5	963	0.01261
5	964	0.01255
5	965	0.01258
5	966	0.01289
5	967	0.01225
5	968	0.01196
5	969	0.01239
5	970	0.01217
5	971	0.01191
5	972	0.01196
5	973	0.01167
5	974	0.01109
5	975	0.01092
5	976	0.01048
5	977	0.01078
5	978	0.01051
5	979	0.0106
5	980	0.01011
5	981	0.00968
5	982	0.00897
5	983	0.00882
5	984	0.00925
5	985	0.00866
5	986	0.00869
5	987	0.00831
5	988	0.00783
5	989	0.00785
5	990	0.00718
5	991	0.00749
5	992	0.00672
5	993	0.00681
5	994	0.00609
5	995	0.00654
5	996	0.00603
5	997	0.00577
5	998	0.00569
5	999	0.00479
5	1000	0.00523
5	1001	0.00519
5	1002	0.00447
5	1003	0.00436
5	1004	0.00431
5	1005	0.00407
5	1006	0.00392
5	1007	0.00338
5	1008	0.0037
5	1009	0.00359
5	1010	0.00326
5	1011	0.00308
5	1012	0.00276
5	1013	0.003
5	1014	0.00236
5	1015	0.0025
5	1016	0.0022
5	1017	0.00206
5	1018	0.00204
5	1019	0.00197
5	1020	0.00199
5	1021	0.00171
5	1022	0.00171
5	1023	0.0017
5	1024	0.00133
5	1025	0.00137
5	1026	0.00125
5	1027	0.00118
5	1028	0.00104
5	1029	0.00102
5	1030	0.0011
5	1031	0.00079
5	1032	0.00073
5	1033	0.00075
5	1034	0.00085
5	1035	0.00055
5	1036	0.00064
5	1037	0.00051
5	1038	0.00042
5	1039	0.00047
5	1040	0.0005
5	1041	0.00033
5	1042	0.00036
5	1043	0.00036
5	1044	0.00026
5	1045	0.00025
5	1046	0.00025
5	1047	0.00024
5	1048	0.00024
5	1049	0.00013
5	1050	0.00018
5	1051	0.00012
5	1052	0.00015
5	1053	0.00018
5	1054	0.00008
5	1055	0.00007
5	1056	0.00011
5	1057	0.00011
5	1058	0.00005
5	1059	0.00006
5	1060	0.00006
5	1061	0.00005
5	1062	0.00004
5	1063	0.00003
5	1064	0.00009
5	1065	0.00006
5	1066	0.00004
5	1067	0.00003
5	1068	0.00003
5	1069	0.00002
5	1070	0.00007
5	1071	0.00003
5	1072	0.
5	1073	0.00002
5	1074	0.
5	1075	0.
5	1076	0.00001
5	1077	0.
5	1078	0.
5	1079	0.
5	1080	0.
5	1081	0.00001
5	1082	0.00002
5	1083	0.
5	1084	0.
5	1085	0.
5	1086	0.
5	1087	0.
5	1088	0.
5	1089	0.
5	1090	0.
5	1091	0.00001
5	1092	0.
5	1093	0.
5	1094	0.
5	1095	0.
5	1096	0.00001
5	1097	0.
5	1098	0.
5	1099	0.
5	1100	0.
5	1101	0.
5	1102	0.
5	1103	0.
5	1104	0.
5	1105	0.
5	1106	0.
5	1107	0.
5	1108	0.
5	1109	0.
5	1110	0.
5	1111	0.
5	1112	0.
5	1113	0.
5	1114	0.
5	1115	0.
5	1116	0.
5	1117	0.
5	1118	0.
5	1119	0.
5	1120	0.
5	1121	0.
5	1122	0.
5	1123	0.
5	1124	0.
5	1125	0.
5	1126	0.
5	1127	0.
5	1128	0.
5	1129	0.
5	1130	0.
5	1131	0.
5	1132	0.
5	1133	0.
5	1134	0.
5	1135	0.
5	1136	0.
5	1137	0.
5	1138	0.
5	1139	0.
5	1140	0.
5	1141	0.
5	1142	0.
5	1143	0.
5	1144	0.
5	1145	0.
5	1146	0.
5	1147	0.
5	1148	0.
5	1149	0.
5	1150	0.
5	1151	0.
5	1152	0.
5	1153	0.
5	1154	0.
5	1155	0.
5	1156	0.
5	1157	0.
5	1158	0.
5	1159	0.
5	1160	0.
5	1161	0.
5	1162	0.
5	1163	0.
5	1164	0.
5	1165	0.
5	1166	0.
5	1167	0.
5	1168	0.
5	1169	0.
5	1170	0.
5	1171	0.
5	1172	0.
5	1173	0.
5	1174	0.
5	1175	0.
5	1176	0.
5	1177	0.
5	1178	0.
5	1179	0.
5	1180	0.
5	1181	0.
5	1182	0.
5	1183	0.
5	1184	0.
5	1185	0.
5	1186	0.
5	1187	0.
5	1188	0.
5	1189	0.
5	1190	0.
5	1191	0.
5	1192	0.
5	1193	0.
5	1194	0.
5	1195	0.
5	1196	0.
5	1197	0.
5	1198	0.
5	1199	0.
5	1200	0.
5	1201	0.
5	1202	0.
5	1203	0.
5	1204	0.
5	1205	0.
5	1206	0.
5	1207	0.
5	1208	0.
5	1209	0.
5	1210	0.
5	1211	0.
5	1212	0.
5	1213	0.
5	1214	0.
5	1215	0.
5	1216	0.
5	1217	0.
5	1218	0.
5	1219	0.
5	1220	0.
5	1221	0.
5	1222	0.
5	1223	0.
5	1224	0.
5	1225	0.
5	1226	0.
5	1227	0.
5	1228	0.
5	1229	0.
5	1230	0.
5	1231	0.
5	1232	0.
5	1233	0.
5	1234	0.
5	1235	0.
5	1236	0.
5	1237	0.
5	1238	0.
5	1239	0.
5	1240	0.
5	1241	0.
5	1242	0.
5	1243	0.
5	1244	0.
5	1245	0.
5	1246	0.
5	1247	0.
5	1248	0.
5	1249	0.
5	1250	0.
5	1251	0.
5	1252	0.
5	1253	0.
5	1254	0.
5	1255	0.
5	1256	0.
5	1257	0.
5	1258	0.
5	1259	0.
5	1260	0.
5	1261	0.
5	1262	0.
5	1263	0.
5	1264	0.
5	1265	0.
5	1266	0.
5	1267	0.
5	1268	0.
5	1269	0.
5	1270	0.
5	1271	0.
5	1272	0.
5	1273	0.
5	1274	0.
5	1275	0.
5	1276	0.
5	1277	0.
5	1278	0.
5	1279	0.
5	1280	0.
5	1281	0.
5	1282	0.
5	1283	0.
5	1284	0.
5	1285	0.
5	1286	0.
5	1287	0.
5	1288	0.
5	1289	0.
5	1290	0.
5	1291	0.
5	1292	0.
5	1293	0.
5	1294	0.
5	1295	0.
5	1296	0.
5	1297	0.
5	1298	0.
5	1299	0.
5	1300	0.