0.	1000.	0.
0.1	1000.	95.1625819640403
0.2	1000.	181.2692469220183
0.30000000000000004	1000.	259.18177931828205
0.4	1000.	329.67995396436083
0.5	1000.	393.4693402873665
0.6000000000000001	1000.	451.18836390597335
0.7000000000000001	1000.	503.4146962085905
0.8	1000.	550.6710358827784
0.9	1000.	593.4303402594011
1.	1000.	632.1205588285578
1.1	1000.	667.1289163019203
1.2000000000000002	1000.	698.805788087798
1.3	1000.	727.4682069659873
1.4000000000000001	1000.	753.4030360583937
1.5	1000.	776.8698398515702
1.6	1000.	798.1034820053443
1.7000000000000002	1000.	817.3164759472653
1.8	1000.	834.7011117784134
1.9000000000000001	1000.	850.431380777365
2.	1000.	864.6647167633873
2.1	1000.	877.5435717470177
2.2	1000.	889.1968416376661
2.3000000000000003	1000.	899.7411562771964
2.4000000000000004	1000.0000000000001	909.2820467105877
2.5	1000.	917.9150013761013
2.6	1000.0000000000001	925.7264217856659
2.7	1000.	932.7944872602501
2.8000000000000003	1000.	939.1899373747824
2.9000000000000004	1000.	944.976779943593
3.	1000.	950.2129316321359
3.1	1000.	954.950797606442
3.2	1000.	959.2377960216335
3.3000000000000003	1000.	963.1168325987602
3.4000000000000004	1000.	966.6267300396738
3.5	1000.	969.8026165776814
3.6	1000.	972.6762775527072
3.7	1000.	975.2764735296599
3.8000000000000003	999.9999999999999	977.6292281438346
3.9000000000000004	1000.	979.7580885541956
4.	1000.	981.6843611112657
4.1000000000000005	1000.	983.427324598239
4.2	1000.0000000000001	985.0044231795218
4.3	1000.	986.4314409877994
4.4	1000.	987.7226600969313
4.5	1000.	988.8910034617576
4.6000000000000005	1000.	989.9481642553668
4.7	1000.	990.9047228983035
4.800000000000001	1000.	991.77025295098
4.9	1000.	992.5534169290754
5.	500.	498.31551325022866
5.1000000000000005	524.3852877496431	522.8611011082646
5.2	547.5812909820203	546.2021498768296
5.300000000000001	569.6460117874714	568.3981133107436
5.4	590.6346234610091	589.5054782253561
5.5	610.5996084642976	609.5779156046814
5.6000000000000005	629.5908896591413	628.6664237300208
5.7	647.6559551406434	646.819463776275
5.800000000000001	664.8399769821805	664.0830882958364
5.9	681.1859241891133	680.5010629844212
6.	696.7346701436833	696.1149820995166
6.1000000000000005	711.5250948097568	710.9643778798857
6.2	725.5941819529869	725.0868242939125
6.300000000000001	738.9771116194921	738.5180354252346
6.4	751.7073481042953	751.2919587860019
6.5	763.8167236294926	763.4408638312482
6.6000000000000005	775.3355179413892	774.9954259320027
6.7	786.2925340256368	785.9848060499676
6.800000000000001	796.7151701297006	796.4367263427392
6.9	806.6294882727494	806.3775419154873
7.	816.0602794142789	815.8323089228902
7.1000000000000005	825.0311254444223	824.8248492136066
7.2	833.5644581509603	833.3778116988656
7.300000000000001	841.6816153104735	841.512730616675
7.4	849.4028940438991	849.2500808536167
7.5	856.7476015699049	856.6093304773681
7.6000000000000005	863.7341034829938	863.6089906246343
7.7	870.3798696770543	870.2666628813323
7.800000000000001	876.7015180291968	876.5990842844519
7.9	882.714855953101	882.6221700679865
8.	888.4349199257852	888.3510542688094
8.1	893.8760130866284	893.8001283021086
8.200000000000001	899.0517410026724	898.9830776101793
8.3	903.975045689623	903.912916482846
8.4	908.6582379736328	908.602021142588
8.5	913.1130282747774	913.0621611825246
8.6	917.3505558892067	917.3045294407895
8.700000000000001	921.3814168431863	921.3397703904393
8.8	925.2156903886826	925.1780071199086
8.9	928.8629642067432	928.8288669751225
9.	932.3323583816937	932.3015059306717
9.1	935.6325482060978	935.6046317539754
9.200000000000001	938.7717858735091	938.7465260230497
9.3	941.7579211132514	941.7350650553817
9.4	944.598420818833	944.5777398024438
9.5	947.3003877190678	947.281674761596
9.600000000000001	949.8705781385981	949.8536459544753
9.700000000000001	952.3154188922252	952.3000980184617
9.8	954.6410233552938	954.6271604554356
9.9	956.8532067503148	956.8406630798008
10.	479.47875034402534	479.4759128484151
10.100000000000001	504.86487124935496	504.86230377715333
10.200000000000001	529.0128964284369	529.0105732835191
10.3	551.9832085223637	551.9811064539147
10.4	573.8332452760717	573.8313432458837
10.5	594.6176431626207	594.6159221345363
10.600000000000001	614.3883740028368	614.3868167522286
10.700000000000001	633.1948749219338	633.1934658633143
10.8	651.0841719680786	651.0828969991154
10.9	668.1009977020053	668.0998440623804
11.	684.2879030517172	684.2868591954178
11.100000000000001	699.6853637119716	699.6844191917328
11.200000000000001	714.3318813545974	714.3310267173442
11.3	728.264079902732	728.2633065949656
11.4	741.5167971097038	741.5160973919002
11.5	754.1231716715621	754.1225385407123
11.600000000000001	766.1147260910792	766.1141532105958
11.700000000000001	777.5214455004256	777.5209271367288
11.8	788.3718526396189	788.3713836047493
11.9	798.6930791782324	798.692654777931
12.	808.5109335586992	808.5105495454271
12.100000000000001	817.8499655308627	817.8496180612849
12.200000000000001	826.7335275391372	826.7332131356625
12.3	835.1838331157846	835.1835486317556
12.4	843.2220124263142	843.2217550145192
12.5	850.8681651059026	850.8679321900795
12.600000000000001	858.1414105189524	858.1411997680004
12.700000000000001	865.05993556746	865.0597448721135
12.8	871.6410401677457	871.6408676194601
12.9	877.9011805092543	877.9010243811083
13.	883.8560102036016	883.8558689330134
13.100000000000001	889.5204194267552	889.5202915998415
13.200000000000001	894.908572152232	894.9084564896581
13.3	900.0339415684093	900.0338369125838
13.4	904.9093437685133	904.9092490720053
13.5	909.5469697975277	909.5468841125846
13.600000000000001	913.9584161361565	913.958338605214
13.700000000000001	918.1547136980663	918.1546435451694
13.8	922.1463554129155	922.1462919359486
13.9	925.9433224641444	925.9432650278085
14.	929.5551092471331	929.5550572765881
14.100000000000001	932.9907471101347	932.9907000852411
14.200000000000001	936.2588269373506	936.2587843874683
14.3	939.3675206306156	939.3674821298886
14.4	942.324601543409	942.3245667065098
14.5	945.1374639182876	945.1374323965589
14.600000000000001	947.8131413763431	947.8131128543031
14.700000000000001	950.3583245049188	950.3582986971106
14.8	952.7793775875626	952.7793542356915
14.9	955.0823545180518	955.0823333884044
15.	478.63650696913953	478.63650218941586
15.100000000000001	504.063704568573	504.06370024370005
15.200000000000001	528.2508031077475	528.2507991944416
15.3	551.2582829315086	551.2582793906022
15.4	573.1436747234766	573.1436715195309
15.5	593.961703362723	593.961700463674
15.600000000000001	613.7644247644731	613.7644221413051
15.700000000000001	632.6013560470072	632.601353673468
15.8	650.5195993502522	650.5195972025838
15.9	667.5639596156612	667.5639576723697
16.	683.7770566219093	683.7770548635474
16.1	699.1994315565371	699.1994299655054
16.2	713.8696483900369	713.8696469504118
16.3	727.8243903058681	727.8243890032414
16.400000000000002	741.0985514275201	741.0985502488548
16.5	753.7253240719984	753.725323005498
16.6	765.7362817479072	765.736280782898
16.7	777.1614581056642	777.1614572324878
16.8	788.029422037273	788.0294212471902
16.900000000000002	798.3673491134316	798.3673483985349
17.	808.2010895366159	808.2010888897506
17.1	817.5552327800513	817.5552321947433
17.2	826.4531690742012	826.4531685445927
17.3	834.9171478945299	834.9171474153204
17.400000000000002	842.9683335967773	842.9683331631704
17.5	850.6268583388743	850.6268579465305
17.6	857.9118724218238	857.9118720668168
17.7	864.8415921754271	864.8415918542033
17.8	871.433345508599	871.4333452179436
17.900000000000002	877.7036152381625	877.7036149751669
18.	883.6680803044794	883.6680800665107
18.1	889.3416549769668	889.3416547616439
18.2	894.7385261475386	894.7385259527065
18.3	899.8721888052261	899.8721886289347
18.400000000000002	904.7554797806791	904.755479621164
18.5	909.4006098449287	909.4006097005937
18.6	913.819194242676	913.8191941120759
18.7	918.0222817364529	918.0222816182811
18.8	922.0203822342843	922.0203821273583
18.900000000000002	925.8234930699327	925.8234929731818
19.	929.4411240014389	929.441123913895
19.1	932.8823209904714	932.8823209112586
19.200000000000003	936.1556888219425	936.1556887502677
19.3	939.2694126204517	939.2694125555978
19.400000000000002	942.231278317362	942.2312782586798
19.5	945.0486921196823	945.0486920665843
19.6	947.7286990294439	947.7286989813989
19.700000000000003	950.2780004598743	950.2780004164015
19.8	952.7029709924216	952.7029709530856
19.900000000000002	955.0096743165276	955.0096742809351
20.	478.6019391960054	478.60193918795403
20.1	504.03082268562827	504.0308226783431
20.200000000000003	528.2195248931579	528.2195248865661
20.3	551.2285301734446	551.2285301674802
20.400000000000002	573.1153730245467	573.1153730191496
20.5	593.934781953937	593.9347819490537
20.6	613.7388163282868	613.7388163238681
20.700000000000003	632.5769965489919	632.5769965449937
20.8	650.4964278789733	650.4964278753555
20.900000000000002	667.5419182303723	667.5419182270988
21.	683.7560902076654	683.7560902047036
21.1	699.179487686382	699.1794876837018
21.200000000000003	713.8506771939075	713.8506771914824
21.3	727.8063443458913	727.8063443436969
21.400000000000002	741.0813855793969	741.0813855774113
21.5	753.708995412167	753.7089954103707
21.6	765.7207494462131	765.7207494445877
21.700000000000003	777.146683323263	777.1466833217921
21.8	788.0153678295117	788.0153678281811
21.900000000000002	798.3539803374711	798.3539803362669
22.	808.1883727635527	808.1883727624631
22.1	817.5431362113289	817.5431362103433
22.200000000000003	826.4416624620974	826.4416624612052
22.3	834.9062024665201	834.9062024657128
22.400000000000002	842.9579219835905	842.9579219828603
22.5	850.6169545060544	850.6169545053938
22.6	857.9024516046303	857.9024516040323
22.700000000000003	864.8326308169102	864.8326308163691
22.8	871.4248212006939	871.4248212002041
22.900000000000002	877.6955066656597	877.6955066652167
23.	883.6603671917239	883.660367191323
23.1	889.3343180371593	889.3343180367967
23.200000000000003	894.731547034508	894.7315470341798
23.3	899.8655500675545	899.8655500672576
23.400000000000002	904.7491648180644	904.7491648177958
23.5	909.3946028666747	909.3946028664319
23.6	913.8134802282085	913.8134802279885
23.700000000000003	918.0168463977595	918.0168463975605
23.8	922.0152119801871	922.015211980007
23.900000000000002	925.8185749721031	925.8185749719404
24.	929.4364457620708	929.4364457619236
24.1	932.8778709115297	932.8778709113965
24.200000000000003	936.1514557759118	936.1514557757911
24.3	939.2653860225122	939.2653860224027
24.400000000000002	942.2274480989213	942.2274480988225
24.5	945.0450487031991	945.04504870311
24.6	947.7252333044794	947.7252333043984
24.700000000000003	950.2747037603109	950.2747037602377
24.8	952.699835074793	952.6998350747269
24.900000000000002	955.0066913394065	955.0066913393467
25.	478.60052044820026	478.60052044818684
25.1	504.02947313097013	504.0294731309579
25.200000000000003	528.218241157057	528.2182411570462
25.3	551.2273090458923	551.2273090458824
25.400000000000002	573.1142114520876	573.1142114520788
25.5	593.9336770320353	593.9336770320273
25.6	613.7377652940622	613.7377652940547
25.700000000000003	632.5759967743113	632.5759967743047
25.8	650.4954768638794	650.4954768638731
25.900000000000002	667.5410135968316	667.5410135968262
26.	683.755229693623	683.7552296936184
26.1	699.1786691401048	699.1786691401004
26.200000000000003	713.8498985686033	713.8498985685992
26.3	727.8056036945914	727.8056036945875
26.400000000000002	741.0806810500869	741.0806810500837
26.5	753.7083252431572	753.7083252431541
26.6	765.7201119617316	765.7201119617289
26.700000000000003	777.1460769292663	777.1460769292638
26.8	788.0147910096994	788.0147910096973
26.900000000000002	798.3534316494929	798.3534316494909
27.	808.1878508354031	808.1878508354014
27.1	817.5426397379155	817.5426397379139
27.200000000000003	826.441190201978	826.4411902019765
27.3	834.9057532387985	834.9057532387952
27.400000000000002	842.9574946649636	842.9574946649641
27.5	850.6165480280027	850.6165480280017
27.6	857.9020649507471	857.9020649507463
27.700000000000003	864.8322630203594	864.8322630203586
27.8	871.4244713417925	871.4244713417899
27.900000000000002	877.6951738695783	877.6951738695797
28.	883.660050626299	883.6600506262981
28.1	889.3340169108122	889.3340169108118
28.200000000000003	894.7312605942662	894.7312605942658
28.3	899.8652775971681	899.8652775971658
28.400000000000002	904.7489056362156	904.7489056362168
28.5	909.394356325274	909.3943563252739
28.6	913.8132457107737	913.8132457107732
28.700000000000003	918.016623317875	918.0166233178746
28.8	922.0149997800368	922.0149997800348
28.900000000000002	925.8183731210764	925.818373121078
29.	929.4362537554348	929.4362537554344
29.1	932.8776882691677	932.8776882691677
29.200000000000003	936.1512820411231	936.1512820411227
29.3	939.2652207608689	939.2652207608669
29.400000000000002	942.2272908971836	942.2272908971853
29.5	945.0448991682807	945.0448991682806
29.6	947.7250910624649	947.7250910624647
29.700000000000003	950.2745684555214	950.274568455521
29.8	952.6997063688959	952.699706368894
29.900000000000002	955.00656891057	955.0065689105718
30.	478.6004622192445	478.6004622192445